4.840229859109967947e-02 4.779505199985578656e-02
4.591561100096441805e-02 4.284481136710382998e-02
3.876301267882809043e-02 3.502851960365660489e-02
3.271505661541596055e-02 2.986767425318248570e-02
2.400330107775516808e-02 1.964350439084228128e-02
1.824835414299741387e-02 1.684547624608967453e-02
1.626293778826948255e-02 1.591381475009256974e-02
1.554208339803153649e-02 1.440942244516918436e-02
1.113255150994518772e-02 8.438100867351749912e-03
6.727076015522470698e-03 6.028513125784229487e-03
5.965960550383897498e-03 5.782972457382129505e-03
5.784661516372580081e-03 5.705700892576714978e-03
5.518268269952386618e-03 5.452971618069568649e-03
5.173844565433682874e-03 4.888365747319767252e-03
4.726059640233870596e-03 4.646294819394825026e-03
4.343316360973403789e-03 4.117502901863190345e-03
4.003895137429935858e-03 4.019328998765558936e-03
3.739485127880470827e-03 3.487279785986174829e-03
3.544006625816109590e-03 3.457940922089619562e-03
3.413968066524830647e-03 3.592202872823690996e-03
3.386417232832172886e-03 3.363435605933773331e-03
3.334823151817545295e-03 3.284671740402700379e-03
3.325966326883644797e-03 3.235348700400209054e-03
3.273752356108161621e-03 3.412275222217431292e-03
3.274068472819635645e-03 3.254770988860400394e-03
3.194381628418341279e-03 3.202321648132055998e-03
3.227313509341911413e-03 3.130528284600586630e-03
3.291919014372979291e-03 3.463599849055754021e-03
3.190459075995022431e-03 3.058983038499718532e-03
3.195349258021451533e-03 3.073395844694459811e-03
3.151500952299102210e-03 3.119405837423983030e-03
3.129949514914187603e-03 3.064186374103883281e-03
3.072845776841859333e-03 3.011762752066715620e-03
3.099922243563923985e-03 3.012960451087565161e-03
3.059526508877752349e-03 3.050609951969818212e-03
3.124558275885647163e-03 2.915231070801382884e-03
3.054882230571820401e-03 3.086807724685058929e-03
3.023549206773168407e-03 2.878399160181288607e-03
3.087101506025646813e-03 3.020945570824551396e-03
3.029521183634642512e-03 3.103594475760473870e-03
2.993630927448975854e-03 2.968034095829352736e-03
3.021003956746426411e-03 3.169011757563566789e-03
3.034315306649659760e-03 3.174933473928831518e-03
2.953083232569042593e-03 2.959755307529121637e-03
2.993738518853206187e-03 2.948009285319130868e-03
3.043852582777617499e-03 3.080241847783327103e-03
3.015361586221843027e-03 3.160706841299543157e-03
2.949837245978415012e-03 2.829786772053921595e-03
2.926194063547882251e-03 2.788264038827037439e-03
2.935300735771306790e-03 2.765986375379725359e-03
2.983287791721522808e-03 2.802504513965686783e-03
2.922870544352917932e-03 2.944772439150256105e-03
2.950042986412881874e-03 2.858482550436747260e-03
2.851596247637644410e-03 3.456650158113916405e-03
2.963880939205409959e-03 2.782176086839172058e-03
2.963486296721384861e-03 2.920634982729097828e-03
2.889422270527575165e-03 2.819381643348606303e-03
2.898729931985144503e-03 2.801675309456186369e-03
2.952880246084532700e-03 2.772140367596875876e-03
2.825444023983436637e-03 2.821458383550634608e-03
2.847375042620114982e-03 2.817424228851450607e-03
2.855089565855450928e-03 2.830588229699060321e-03
2.800823238430893980e-03 2.741815482295351103e-03
2.839474951542797498e-03 2.837958920281380415e-03
2.838226748281158507e-03 2.722572098718956113e-03
2.843050373485311866e-03 2.874390263968962245e-03
2.846159539330983534e-03 2.626002171382424422e-03
2.835282106389058754e-03 2.688800988835282624e-03
2.805563644869835116e-03 3.452729664786602370e-03
2.790169775835238397e-03 2.678654002011171542e-03
2.768315423963940702e-03 3.131815657980041578e-03
2.769279833955806680e-03 2.717546798521652818e-03
2.813054234138689935e-03 3.064379541683592834e-03
2.791201768559403718e-03 2.603387436465709470e-03
2.690154737138072960e-03 2.585985164841986261e-03
2.706724517338443547e-03 2.640407938088173978e-03
2.729618332523386925e-03 2.762467920547351241e-03
2.723548064750502817e-03 2.716978227908839472e-03
2.694499082281254232e-03 2.533077893531299196e-03
2.681544756342191249e-03 2.738158455031225458e-03
2.613917584312730469e-03 2.760023928203736432e-03
2.656714417753391899e-03 2.619403829157818109e-03
2.681909963939688168e-03 2.538077400458860211e-03
2.674795110578997992e-03 2.642187431774800643e-03
2.620650013341219164e-03 2.540888046496547759e-03
2.583512043202063069e-03 2.497607185432570986e-03
2.665078558493405581e-03 2.542985266700270586e-03
2.566060651588486508e-03 2.617995998662081547e-03
2.562761985245742835e-03 2.502554985767346807e-03
2.508264142306870781e-03 2.713834956011851318e-03
2.512801927878172137e-03 2.440748263325076550e-03
2.543047001381637529e-03 2.448698269290616736e-03
2.576441376731963828e-03 2.469907922204583883e-03
2.530919464334147051e-03 2.434782976706628688e-03
2.496377463103272021e-03 2.481145831552566960e-03
2.455369814924779348e-03 2.357209908950608224e-03
2.482784664607606828e-03 2.501731129086692818e-03
2.448147079121554270e-03 2.731408609179197811e-03
2.485115310264518484e-03 2.616573186969617382e-03
2.425287006190046668e-03 2.527756765630329028e-03
2.397751319222152233e-03 2.612533755382173695e-03
2.374639007030054927e-03 2.239042440123739652e-03
2.359907293794094585e-03 2.342160127227543853e-03
2.435377661640814040e-03 2.556799900048645213e-03
2.374425345806230325e-03 2.186191969485662412e-03
2.310017808667907957e-03 2.214028802882239688e-03
2.337909863854292780e-03 2.203844732321158517e-03
2.369692241700249724e-03 2.246887918772699777e-03
2.293518813530681655e-03 2.214185927186917979e-03
2.282769216435553972e-03 2.171588949750002939e-03
2.258601293760875706e-03 2.337458887268439867e-03
2.271749436658865307e-03 2.443296536512207240e-03
2.366215732763521373e-03 2.433790165014215745e-03
2.258292942315165419e-03 2.293387523423007224e-03
2.300084946909919381e-03 2.402316935331327841e-03
2.210370548709761351e-03 2.176835772843332961e-03
2.245254470835789107e-03 2.297978975548176095e-03
2.204063110184506513e-03 2.068740219328901730e-03
2.175741752580506727e-03 2.241122847408405505e-03
2.166700128327647690e-03 2.259207944007357582e-03
2.184266394579026382e-03 2.057877093648130540e-03
2.116017916705459356e-03 2.266018690534110647e-03
2.129639505255909171e-03 2.205415706157509703e-03
2.076742419376387261e-03 2.400739244876604062e-03
2.126901084920973517e-03 2.033542633398610633e-03
2.147286450053798035e-03 2.098738847053027712e-03
2.074481167255726177e-03 2.033286697042058222e-03
2.091326444315200206e-03 2.196676639869110659e-03
2.052007005659106653e-03 2.023956036282470450e-03
2.081280703350785188e-03 2.180605514695344027e-03
2.101366408169269562e-03 2.031842109317949507e-03
2.069615971777238883e-03 2.002694935072213411e-03
2.009465593800996430e-03 1.993052220313984435e-03
2.131543044015415944e-03 1.994119437767949421e-03
1.980353411454416346e-03 2.033412069067708217e-03
1.970477911527268589e-03 1.971592739209881984e-03
2.036591318756109104e-03 1.953658448655914981e-03
2.013472748330968898e-03 1.928644325744244270e-03
1.955253424966940656e-03 2.003603261073294561e-03
1.958961457603436429e-03 2.129645520653866697e-03
1.985288742616830859e-03 1.868091045253095217e-03
1.931116518790076952e-03 1.990381259929563385e-03
1.950221585502731614e-03 1.973526155779836699e-03
1.887058949250786100e-03 1.846603508056432474e-03
1.919464824823080562e-03 2.032576212513959035e-03
1.884549326859996654e-03 2.066754360384948086e-03
1.929915180880925618e-03 1.909333861476625316e-03
1.900057673992705531e-03 1.878875345028063748e-03
1.888364805381570477e-03 1.939052695888676681e-03
1.880682433693436906e-03 1.796179140001186170e-03
1.841859244450461119e-03 1.795423308976751287e-03
1.871891191512986552e-03 2.033424495493818540e-03
1.847771491156890988e-03 1.921530395520676393e-03
1.832249533435970079e-03 1.774657695023051929e-03
1.840853293288091663e-03 2.102109153383935336e-03
1.809555466024903581e-03 1.811807628655515146e-03
1.828675941396795679e-03 1.992272996176325250e-03
1.824142829718766734e-03 1.778504820322268642e-03
1.829287036343885120e-03 1.713843842480855528e-03
1.876168598755612038e-03 1.866482353761966806e-03
1.757575455485493876e-03 1.743448595334484708e-03
1.773421219695592299e-03 1.678473712672712281e-03
1.808758162951562554e-03 1.766758431585913058e-03
1.789654237654758617e-03 1.727788395328389015e-03
1.738157197905820794e-03 1.962430224921263289e-03
1.767814823324442841e-03 1.723753800433769356e-03
1.767935822499566711e-03 1.725378584524150938e-03
1.700113541119208094e-03 1.681975571955263149e-03
1.732433192955795676e-03 1.689917288786091376e-03
1.718959130812436342e-03 1.668670276558259502e-03
1.710660025310062338e-03 1.684704331637476571e-03
1.697562026492960285e-03 1.636359991607605480e-03
1.674086804086982738e-03 1.682584959780797362e-03
1.687333127847523428e-03 1.792761529031849932e-03
1.687517205937183462e-03 1.641847883547598030e-03
1.661080937992664985e-03 1.798967474314849824e-03
1.678633203482604586e-03 1.664037306909449399e-03
1.633313004276715219e-03 1.672045556915691122e-03
1.685220228864636738e-03 1.662137285165954381e-03
1.666702384682139382e-03 1.629098806006368250e-03
1.652342201850842685e-03 1.676810265962558333e-03
1.664904340032080654e-03 1.614083899767138064e-03
1.643244920160213951e-03 1.628283134778030217e-03
1.642502289541880600e-03 1.675713355325569864e-03
1.623767756427696440e-03 1.570934688061242923e-03
1.635571971746685449e-03 1.584609204655862413e-03
1.588082469424989540e-03 1.670364706114924047e-03
1.628594684916606639e-03 1.619882714294362813e-03
1.599177871867141221e-03 1.602839161023439374e-03
1.595208664184610825e-03 1.695917757388087921e-03
1.601691562427731697e-03 1.638662567529536318e-03
1.593267661519348621e-03 1.575485932335141115e-03
1.561070646857842803e-03 1.543095949273265433e-03
1.561603269692568574e-03 1.522970297628489789e-03
1.608992397450492717e-03 1.543660046081640758e-03
1.549603898638451938e-03 1.569119608575419988e-03
1.571770689224649686e-03 1.578062946464342531e-03
1.572836389641452115e-03 1.530349783024576027e-03
1.528076568320102524e-03 1.489325842157995794e-03
1.533840420961496420e-03 1.508315408500493504e-03
1.533427861431846395e-03 1.510167831838771235e-03
1.532382681944000069e-03 1.506866989984700922e-03
1.532493844933924265e-03 1.534196646389318630e-03
1.507742728790617548e-03 1.485068592955940403e-03
1.501135799117037095e-03 1.540125257633917499e-03
1.501976938016014174e-03 1.466545353650872130e-03
1.507113893239875324e-03 1.519235741398006212e-03
1.485502166360674892e-03 1.483883889704884496e-03
1.493881366513960529e-03 1.458045087929349393e-03
1.487442832512897439e-03 1.462914379771973472e-03
1.486890659180062357e-03 1.471690934522484895e-03
1.491780891228700057e-03 1.485356200646492653e-03
1.468283650865487289e-03 1.469703342991124373e-03
1.454686620490974747e-03 1.449078987207030877e-03
1.481486732700432185e-03 1.454041965189389884e-03
1.440257725334959105e-03 1.469911882850283291e-03
1.459231926673965063e-03 1.505394243395130616e-03
1.471167625822999980e-03 1.466754585635499097e-03
1.434167393199459184e-03 1.481028103626158554e-03
1.461106990063854028e-03 1.421808497980237007e-03
1.429878561793884728e-03 1.434440868251840584e-03
1.428381709956738632e-03 1.440094003555714153e-03
1.426220199391536880e-03 1.449046506422746461e-03
1.436988572095287964e-03 1.429405178896558937e-03
1.414968372955627274e-03 1.417082563420990482e-03
1.419584697032405529e-03 1.429424740308604669e-03
1.409367529049632140e-03 1.395487631270952988e-03
1.434410004549135920e-03 1.425378243766317610e-03
1.420171499376010615e-03 1.433467099559493363e-03
1.403807247697841376e-03 1.409922711900435388e-03
1.406602513270627242e-03 1.408171159710036591e-03
1.429133376404934097e-03 1.448787703338894062e-03
1.392619299622310791e-03 1.425287613528780639e-03
1.394884508044924587e-03 1.413046014022256713e-03
1.438093682736507617e-03 1.412436114151205402e-03
1.403913562171510421e-03 1.392152691551018506e-03
1.402474492351757362e-03 1.415559750967076980e-03
1.403654236128204502e-03 1.402144686835526954e-03
1.390904802065051626e-03 1.389929348079022020e-03
1.408217387506738305e-03 1.400531141371175181e-03
1.399783397573628463e-03 1.394892376083589625e-03
1.374676009618269745e-03 1.400494236804661341e-03
1.396714648763008881e-03 1.402467331899970304e-03
1.391232933201536071e-03 1.401025697305158246e-03
1.393142071719921660e-03 1.381058287734049372e-03
1.387770573273883201e-03 1.384375426823680755e-03
1.390587361129291821e-03 1.398882232024334371e-03
1.386102569085778669e-03 1.386887280204973649e-03
1.392341670907626394e-03 1.387124556458729785e-03
1.385065628710435703e-03 1.391478470395668410e-03
