4.215856330120004714e-02 4.239436483383178522e-02
4.126530545181594789e-02 4.088292386796739397e-02
3.821747514302842319e-02 3.538715547985500642e-02
2.973222413857001811e-02 2.448645488421122285e-02
1.835679880605312064e-02 1.302532523208194300e-02
1.066012478986522183e-02 9.959246489736768224e-03
9.402551084349397570e-03 9.243438290225135245e-03
8.872139314917149022e-03 8.821659975581699550e-03
8.531350100383860990e-03 8.521481004026200401e-03
8.182798119378276169e-03 8.217149297396341909e-03
8.083942127996124327e-03 8.255389332771301963e-03
7.868300621339585632e-03 7.977490789360469625e-03
7.772824443236459047e-03 7.943621887101067619e-03
7.728871034487383440e-03 7.727330333656735190e-03
7.657230587938101962e-03 7.675253947575886616e-03
7.614664802531478927e-03 7.553399019771152301e-03
7.520359144109534100e-03 7.697064114941491210e-03
7.505835950723849237e-03 7.452226738135020283e-03
7.413537830871064216e-03 7.501170098781585922e-03
7.477469902369193733e-03 7.316385553942786509e-03
7.220148083433741704e-03 7.360023670726352323e-03
7.140939367673126981e-03 7.094223578770955836e-03
6.910603140568127856e-03 6.791626731554666931e-03
6.500245792267378420e-03 7.037694831689199002e-03
6.242950057639973238e-03 6.070872856511010281e-03
6.057061935280216858e-03 5.753520819875929115e-03
5.826712727866834030e-03 5.889714022477467691e-03
5.860032175405649468e-03 5.596003671487172725e-03
5.756177295552333817e-03 6.715254565080006587e-03
5.718914413591846824e-03 5.599446071518791868e-03
5.414339357230346650e-03 5.535251908832126456e-03
5.440730874397559091e-03 5.996206270323859236e-03
5.462529283249750733e-03 5.380220552285512256e-03
5.174766301934141666e-03 5.028536379337310812e-03
5.238776120677357540e-03 5.285974125067392781e-03
5.316299007972702384e-03 4.938430666923523081e-03
5.293247300869552419e-03 5.748775627877977280e-03
5.057591286458773538e-03 6.051406277550591510e-03
5.146652751136571169e-03 5.739786042107476553e-03
5.247008535661734641e-03 5.548203315999773039e-03
5.101458260469371453e-03 4.864671382639143560e-03
5.032762117480160668e-03 4.982285353872511514e-03
5.008311203710036352e-03 5.441208720207214508e-03
5.027015253290301189e-03 5.217650175094604506e-03
5.000682140234857798e-03 4.599207431077957306e-03
4.980784109648084268e-03 4.740532855192820631e-03
4.856438665228779428e-03 4.692929274506038757e-03
4.919249189697438851e-03 4.570982035663392722e-03
4.911911506496835500e-03 5.216773748397827287e-03
5.004098296922165900e-03 4.885376201735602483e-03
4.804843920283019543e-03 5.906107856167686944e-03
4.877462633885443211e-03 4.867384533087412528e-03
4.841767469770275056e-03 5.195824126402536804e-03
4.921804689729469828e-03 6.935487972365485601e-03
4.727544375782599673e-03 4.540165659454134181e-03
5.034297233578399755e-03 4.579181396298937987e-03
4.773593138452270068e-03 4.582685404353671610e-03
4.692160024205804802e-03 5.537926150692833518e-03
4.599930249241879210e-03 4.806595378451876920e-03
4.732235627670888789e-03 4.967145270771450467e-03
4.503474357989034615e-03 5.563127696514129535e-03
4.659764052121317945e-03 4.447737299733692078e-03
4.558482703941990621e-03 4.603732354111141588e-03
4.722763287645648234e-03 5.225284788343641414e-03
4.440586053533479571e-03 5.028885165850321623e-03
4.604214524078997783e-03 4.857897394233279612e-03
4.641370549506973475e-03 4.959935234652624973e-03
4.435119497429695912e-03 4.752225538094838331e-03
4.299220525354030542e-03 4.279009173313776809e-03
4.427317911904538050e-03 4.234729160865148036e-03
4.351836747446213849e-03 4.484557784265942246e-03
4.474433108043740503e-03 4.817983766396840596e-03
4.349737024313071743e-03 4.222196893559561522e-03
4.272827438398962840e-03 3.966813577546014075e-03
4.233940435369731858e-03 4.034508231613370861e-03
4.309706439016736113e-03 5.658712122175428398e-03
4.274314314898219891e-03 4.543180425961812659e-03
4.099857584151322953e-03 3.936136374870936178e-03
4.178065830274135806e-03 4.077429605854882358e-03
4.250518879416631535e-03 6.609008424811892678e-03
4.127774789594695903e-03 4.128966593080096725e-03
4.169618743617320433e-03 3.853287792868084500e-03
4.211358187603764236e-03 4.015611148542827871e-03
4.190547670077648945e-03 3.742268751064936356e-03
4.128102098547969945e-03 3.773603243960274665e-03
4.026023027108749375e-03 3.962272342708375757e-03
3.918659438568283804e-03 4.395147512356440550e-03
3.969225592300062999e-03 3.818679173787434700e-03
3.854404363664798439e-03 4.059429344203737376e-03
3.812878945609554648e-03 4.265458944771025052e-03
3.940984721339191310e-03 3.881224787897533633e-03
3.969482786487787962e-03 4.059076994657516077e-03
3.720884606082108803e-03 3.662415924999449027e-03
3.692784026497974992e-03 3.381999717818366061e-03
3.843335538476821966e-03 4.312524222665362582e-03
3.848369857223588042e-03 3.859438273641798214e-03
3.595191630665794946e-03 3.357102827893363069e-03
3.716225774041959085e-03 3.539774560266070822e-03
3.589022824598941952e-03 3.500597374306784609e-03
3.530308367771795020e-03 3.854634314775466988e-03
3.583472300306311809e-03 3.878522213962343201e-03
3.541518908605212346e-03 3.413000616762373179e-03
3.577186331312987022e-03 3.235788643360138026e-03
3.462651384324999526e-03 3.988413006067275703e-03
3.349567345139803365e-03 3.446880360444386834e-03
3.551899777448852547e-03 3.398807591862148918e-03
3.473948128885240294e-03 3.166214916441175645e-03
3.326832442326121964e-03 3.186133464177449363e-03
3.352591735165333375e-03 3.316339612007141325e-03
3.381623269888223149e-03 3.398683349291483757e-03
3.342706162584363483e-03 4.078570097684860313e-03
3.283714817371219397e-03 3.351031200753318024e-03
3.376199412741698325e-03 3.308059900999069103e-03
3.231368677006685175e-03 3.327341884374618395e-03
3.065123155465698801e-03 3.171134796407487633e-03
3.188838591086096130e-03 3.415041029453277661e-03
3.201528239515027963e-03 4.104895936118232308e-03
3.218181978809298016e-03 3.104435967074500348e-03
3.136959609037148766e-03 3.074666529893875077e-03
3.155216401864890940e-03 2.760743608077367069e-03
3.034660670891753398e-03 3.303963161177105555e-03
2.944276859125238843e-03 3.067852321598264764e-03
3.109097015112638474e-03 2.921475234958860728e-03
2.974267237732419744e-03 3.465906785594092317e-03
3.059139082324691117e-03 2.984338866339789412e-03
2.979559905725182034e-03 2.987692435582478632e-03
2.941900942460051738e-03 3.156206415759192641e-03
2.955207488412270322e-03 3.174712704287634829e-03
2.958453682367689908e-03 2.810254577133390434e-03
2.843231348379049450e-03 3.089500864346822213e-03
2.795697744659264572e-03 2.988167504469553711e-03
3.063815272980718873e-03 3.118413630459043913e-03
2.814670606312574819e-03 2.596831063429514645e-03
2.709247428356320597e-03 3.123171114259296142e-03
2.805959198667551391e-03 2.558925926685333158e-03
2.995354661834426224e-03 3.168313162194358063e-03
2.882525339373387396e-03 2.780805014901690901e-03
2.677915748790837824e-03 2.913540369934505825e-03
2.770886938378680497e-03 2.856049610508812602e-03
2.734433453952078708e-03 2.649332632621129429e-03
2.768805627056281082e-03 2.593472348319159418e-03
2.699583597859600559e-03 2.737914092010922031e-03
2.603519586045877077e-03 2.602194607257842917e-03
2.750741155068681110e-03 2.529213749700122502e-03
2.605433694043313153e-03 2.462969885932074846e-03
2.500323878848575987e-03 2.649579945537779146e-03
2.553253172663971782e-03 2.392387323909335711e-03
2.656421924257301725e-03 3.412618739737404653e-03
2.585702168289572001e-03 2.566928575436274156e-03
2.539266324674827047e-03 2.824221981896294330e-03
2.606461499453871511e-03 2.563916593790054304e-03
2.481661818819702603e-03 2.495017588138580353e-03
2.341192071071418468e-03 2.494165596034791845e-03
2.482427854374691378e-03 2.456760393248664208e-03
2.489298331056488678e-03 2.353136302696334173e-03
2.406484919447393622e-03 2.563294397460089830e-03
2.406695382887846790e-03 2.316409899128808042e-03
2.349520024836238008e-03 2.300054813424746124e-03
2.517084744795283768e-03 2.456170537405543818e-03
2.423503332465770654e-03 2.485297613673739889e-03
2.365779787396604661e-03 2.301075557867686156e-03
2.325977284272084944e-03 2.336855421463648365e-03
2.323659822650370188e-03 2.863832523425419944e-03
2.311383104824926704e-03 2.276875222722689503e-03
2.235877472230640706e-03 2.323937945895724905e-03
2.280077715113293380e-03 2.322355147865083364e-03
2.290523899318941403e-03 2.228831355770428870e-03
2.193257340877607930e-03 2.162247180938720557e-03
2.288892542310350109e-03 2.163418743345472701e-03
2.183636404879507609e-03 2.058211205734147061e-03
2.200354244450863916e-03 2.262549180123541066e-03
2.185868622291309293e-03 2.143684928615888045e-03
2.133862288246746175e-03 2.574216187000274471e-03
2.177525315346429124e-03 2.299404746956295546e-03
2.148291358025744557e-03 2.097825143072340210e-03
2.085815499413001817e-03 2.102888521220949020e-03
2.044357653176120948e-03 2.291882698734601289e-03
2.024816640187054873e-03 2.105074033141136284e-03
2.063573865598300472e-03 2.208075420724021042e-03
2.099560474562167656e-03 2.442250659068425679e-03
2.073328677397512365e-03 2.083822480506367265e-03
2.013969548897875939e-03 2.056657519605424589e-03
2.011853645853989292e-03 2.068087008264329896e-03
2.044053992904082406e-03 2.162879019975662113e-03
2.044630866294028237e-03 2.109240518675910021e-03
2.032174841588130221e-03 1.963007786207728814e-03
1.982044284886796959e-03 2.105325185590320360e-03
1.936202666001918260e-03 1.980176837907897305e-03
1.936291733727557585e-03 1.981442395183774952e-03
1.933560169163683895e-03 1.924755722284316991e-03
1.936925465997774154e-03 2.079496708181169211e-03
1.903114974084019195e-03 1.889429014590051368e-03
1.850078664574539289e-03 1.879879216353098513e-03
1.899858263641363010e-03 1.860921945836809021e-03
1.908549167637829669e-03 1.872691813442442206e-03
1.815796812479675282e-03 1.926102770699394994e-03
1.890044578431115951e-03 1.908077236678865302e-03
1.858917510617175139e-03 1.813662510779168917e-03
1.810489014133054297e-03 1.843790565927823366e-03
1.815664621972246096e-03 1.906959341631995217e-03
1.768283591445651837e-03 1.868580717179510334e-03
1.854292067946516909e-03 2.081166921390427676e-03
1.813028857213794254e-03 1.833378210663795527e-03
1.813703099287522491e-03 1.801134044925371824e-03
1.799997550733678509e-03 1.861774567100736881e-03
1.795468365344277117e-03 1.792974087927076557e-03
1.754599170453730039e-03 1.840279945068889252e-03
1.780228052666643634e-03 1.832333831323517629e-03
1.718290663120569661e-03 1.790715464287334071e-03
1.717499187179782894e-03 1.809912516011132153e-03
1.739234220622165594e-03 1.731005115641488009e-03
1.703356993857596535e-03 1.807031346691979337e-03
1.736269677167001646e-03 1.757088222437434757e-03
1.694139054052357096e-03 1.937896028161048946e-03
1.708373461951850913e-03 1.710117434461911473e-03
1.671715033808141015e-03 1.801976996991369508e-03
1.639370070734003093e-03 1.689506625135739739e-03
1.686841549599193968e-03 1.696013644337654100e-03
1.644096635573077947e-03 1.715934359365039368e-03
1.662789288275234867e-03 1.698160489400227799e-03
1.642860822357761208e-03 1.676300646530257425e-03
1.628486152185359970e-03 1.710882743199666246e-03
1.612049253708391916e-03 1.681933999061584369e-03
1.642722230826620944e-03 1.659538673030005540e-03
1.624539519980316982e-03 1.658501446247100846e-03
1.608816017323988490e-03 1.653927562965287149e-03
1.585063831043953542e-03 1.664593439963128882e-03
1.621682748918829020e-03 1.683211260371738054e-03
1.594691960235650185e-03 1.680068580640686846e-03
1.591454562003491446e-03 1.647492708431349791e-03
1.587232476595090702e-03 1.642909513579474644e-03
1.561609248710738029e-03 1.623232836524645404e-03
1.597727628904976882e-03 1.651462031735314272e-03
1.575674249579606112e-03 1.632280084821913007e-03
1.571835450704384129e-03 1.630909883313708900e-03
1.548201051264186390e-03 1.613337571422258964e-03
1.560819539008662105e-03 1.619713101122114427e-03
1.576760254465625621e-03 1.614775796731313020e-03
1.551686530547158327e-03 1.611748846040831663e-03
1.542894404337857850e-03 1.610886272456910941e-03
1.555269977870921139e-03 1.605457181731859834e-03
1.554180360471946187e-03 1.604994671212302314e-03
1.536350636342831422e-03 1.611643700136078730e-03
1.531759755380335264e-03 1.610693524281183852e-03
1.563282457027526107e-03 1.602179358402887896e-03
1.541470483061857522e-03 1.605271155635515888e-03
1.554818811200675555e-03 1.602548112471898411e-03
1.529918542473751586e-03 1.601471155881881766e-03
1.532114023575559258e-03 1.598236999577946080e-03
1.538606659778452013e-03 1.603308864765697105e-03
