4.265719075920060277e-02 4.249297615687052526e-02
4.120801301905885339e-02 4.027901487350463855e-02
3.693246687180362642e-02 3.286504063606262432e-02
2.859192377945873886e-02 2.690722638765970925e-02
2.569092984776943922e-02 2.394854847590128719e-02
2.259112388128414750e-02 2.209423561096191327e-02
2.002081101818475872e-02 1.696529180208842039e-02
1.277154385024914518e-02 9.411018848419189231e-03
7.952479849336668849e-03 7.101704764366149718e-03
7.083098396833520383e-03 6.951034963130950893e-03
6.841809969046153128e-03 6.620599782466888607e-03
6.752030130883213133e-03 6.572750238577524523e-03
6.687307315587531775e-03 6.545036848386128446e-03
6.575717197847552598e-03 6.658452594280242672e-03
6.539547299325931817e-03 6.763332907358805650e-03
6.579869164852425456e-03 6.407059005896250173e-03
6.479508083430118859e-03 6.433814922968546582e-03
6.338676870655035600e-03 6.427922868728637613e-03
6.260058831685455516e-03 6.007126077016194422e-03
5.909898020036052912e-03 5.397779266039530802e-03
5.086302830022759736e-03 4.788170603911082179e-03
4.723204270703718066e-03 4.359414116541544468e-03
4.279013328414293937e-03 4.096349807580312516e-03
4.087396479008020833e-03 4.027943325042724482e-03
4.070292570759193040e-03 4.172723925113678081e-03
4.156198358032270335e-03 4.201347694794336889e-03
4.145578102907165885e-03 4.344242805242538343e-03
3.902982432919088751e-03 3.986768706639607848e-03
3.958413770305924118e-03 3.696038381258646630e-03
3.923946307622827590e-03 3.677665181954701840e-03
3.885969606926664710e-03 3.981608913342158176e-03
3.860577358864247799e-03 4.856499286492665761e-03
3.804916139415581711e-03 3.635259334246317749e-03
3.951970031266682781e-03 3.789665770530700663e-03
3.845011877274373546e-03 4.350077199935913248e-03
3.794291180383879691e-03 3.513813879092534190e-03
3.645913466243655421e-03 3.795742034912109181e-03
3.820042182269389741e-03 3.512186859051386490e-03
3.679486162582179531e-03 3.859685687224070037e-03
3.726463961356785148e-03 3.571234307686487787e-03
3.673244507808703929e-03 3.636031820376714116e-03
3.621030804424663074e-03 3.701967322826385434e-03
3.701940975588513538e-03 3.986816996335983132e-03
3.580070491807418875e-03 3.795256998141606584e-03
3.550324116076808423e-03 3.458018916845321655e-03
3.552303209289675578e-03 3.694580254952112633e-03
3.723939640622120351e-03 3.641760685046513835e-03
3.628213376941857859e-03 3.431667222579320217e-03
3.507112067381967790e-03 3.343012720346450698e-03
3.502412828311207704e-03 3.452776477734247843e-03
3.530568945279810578e-03 3.431156764427820832e-03
3.540397852702881210e-03 3.324506551027298085e-03
3.494230291835265234e-03 4.036451594034830802e-03
3.659092515590600669e-03 3.490590665737787826e-03
3.773980039113666862e-03 4.562392900387446208e-03
3.543711749443900771e-03 3.306486682097117043e-03
3.492464960800134577e-03 3.415300124883651617e-03
3.572756735593429767e-03 3.706450458367665460e-03
3.423012136408942752e-03 3.401116102933883674e-03
3.452469682088121772e-03 3.618880160649617407e-03
3.592677909182384610e-03 3.347542206446329875e-03
3.594789273847709410e-03 3.381085157394409391e-03
3.425113944103941321e-03 3.597208696603774840e-03
3.401662837859475985e-03 4.345043653249740581e-03
3.474873838058556430e-03 3.647528409957885923e-03
3.445266596827423200e-03 3.483884191513061512e-03
3.326881751490873285e-03 3.430831009149551414e-03
3.483000258711399511e-03 3.248703724145889440e-03
3.385092128155520186e-03 3.307503515481949059e-03
3.337257274324656464e-03 3.715508552392323902e-03
3.383346660484676249e-03 3.374275541305541987e-03
3.362068664500839077e-03 3.554392679532369145e-03
3.368764610058860853e-03 3.233599325021107879e-03
3.332691319883451797e-03 3.181906869014104137e-03
3.285070793936029077e-03 3.192480268081029308e-03
3.358754413056885824e-03 3.574290066957473786e-03
3.407454245461849496e-03 3.611925925811131956e-03
3.410458628422929905e-03 3.151565794150034631e-03
3.264767703512916341e-03 3.297956405083338292e-03
3.298677802376914769e-03 3.586674489577611289e-03
3.256753472669515759e-03 4.072751561800638451e-03
3.295745271316263825e-03 3.392851620912551956e-03
3.298104582427185960e-03 4.104662056763967032e-03
3.319916973850922659e-03 3.168349101146062004e-03
3.246402167860651389e-03 3.230320133765538643e-03
3.236356711568078026e-03 3.106919389963149966e-03
3.163426468745456077e-03 3.224315090974171939e-03
3.218088886569603346e-03 3.240515736738840743e-03
3.161060321872355416e-03 3.093218092123667211e-03
3.286209324869560078e-03 3.161988212664922256e-03
3.305658077806583606e-03 3.271658637126286830e-03
3.260330575358239003e-03 3.171602773666381755e-03
3.224384767236188054e-03 3.129131752252578644e-03
3.189550327078904957e-03 3.175487387180328438e-03
3.127290912743774243e-03 3.092656403779983458e-03
3.173978033373714425e-03 3.129545124371846659e-03
3.088951450990862213e-03 2.997079273064931059e-03
3.066958663112018257e-03 2.972009561459223580e-03
3.090042995609110221e-03 3.041266522804896098e-03
3.101122967564151622e-03 3.025819726785023995e-03
3.137686548143392429e-03 3.173427744706471768e-03
3.130533774310606532e-03 3.007406475146611521e-03
3.102262651736964472e-03 3.191650021076202284e-03
3.057386553336982615e-03 3.057041054964065342e-03
3.067641953748534434e-03 2.981523215770721415e-03
3.087074421273428015e-03 3.365867932637532558e-03
3.016118325831484981e-03 3.026110084851583049e-03
3.054283259189105593e-03 3.025106143951415954e-03
3.050148403417551890e-03 3.060193622112274137e-03
2.992763238580664620e-03 2.881648983558018993e-03
2.978244132464169525e-03 3.031985775629679469e-03
2.950227790279313922e-03 2.915088951587676853e-03
2.983892303745960817e-03 2.941769035657247015e-03
2.993000642163679004e-03 3.056083172559738003e-03
2.951653037598589435e-03 3.042526572942733879e-03
2.994356218550819904e-03 2.943569868803024361e-03
2.901726065829279833e-03 2.858432735999425194e-03
2.928694129877840169e-03 2.847612776358922262e-03
2.911490928454441018e-03 2.844468714793523152e-03
2.931423709014779888e-03 2.838898076613744284e-03
2.892797456297557801e-03 2.842733657360077028e-03
2.884374278437462635e-03 3.219234844048817889e-03
2.909714643465122208e-03 2.848336857557296799e-03
2.847949874194455333e-03 3.172375569740931364e-03
2.875981708712060936e-03 2.904171619812647483e-03
2.825657544235582463e-03 2.845508094628651768e-03
2.848646992788417265e-03 2.810970968008041221e-03
2.832475267496192828e-03 2.915390835205713960e-03
2.753459564701188356e-03 2.713191411892573214e-03
2.838940346919116564e-03 2.799736382563909089e-03
2.784359106954070739e-03 2.964842400948206579e-03
2.803688377753132954e-03 2.849867379665374945e-03
2.749686653260141611e-03 2.760807927449544352e-03
2.737912760494509712e-03 2.778443753719329803e-03
2.792635550576960668e-03 2.684207177162170437e-03
2.747095559243462048e-03 2.724236003557841193e-03
2.765645313047571108e-03 3.066191029548645010e-03
2.763133303233189508e-03 2.661261693636576397e-03
2.757455111350282095e-03 2.761743410428365002e-03
2.680561694432981312e-03 2.626870765288670875e-03
2.661824362803599797e-03 2.668129046758015849e-03
2.697654677831451409e-03 2.795846434434254898e-03
2.722836728935362771e-03 2.719051945209503222e-03
2.726240471019991674e-03 2.921858636538187878e-03
2.677218211829313077e-03 2.788408007224400798e-03
2.647967683515162207e-03 2.585238671302795589e-03
2.640277331011020578e-03 2.727448685963948776e-03
2.651804737979546189e-03 2.641427993774413899e-03
2.612562147987773642e-03 2.625364981094996299e-03
2.649808087880956009e-03 2.557909184694289947e-03
2.649204086992540397e-03 2.720404593149820978e-03
2.614016504594474100e-03 2.546788212656974845e-03
2.593762579635949805e-03 2.622043100992838341e-03
2.581934761110460386e-03 2.614880319436391383e-03
2.576690954811056145e-03 2.653102529048919755e-03
2.531329997509601526e-03 2.549277687072753693e-03
2.576631404735962860e-03 2.509196050961812457e-03
2.607124564747209661e-03 2.542518734931945718e-03
2.534277982704224996e-03 2.453211162487665964e-03
2.541184756410075352e-03 2.879148056109746400e-03
2.570963373727863654e-03 2.544909602403640572e-03
2.475441880960715935e-03 2.455995689829190611e-03
2.521343247281038202e-03 2.498067377010981110e-03
2.493344638423877768e-03 2.552978879213333233e-03
2.539558763601235114e-03 2.570621738831202312e-03
2.469377081069978885e-03 2.551103566090266121e-03
2.455268533594789915e-03 2.515539797147115040e-03
2.468561500791111030e-03 2.431262125571568775e-03
2.488305108272470534e-03 2.528142217795054277e-03
2.434059770166641101e-03 2.435907767216364400e-03
2.407237805527984165e-03 2.396295128266016840e-03
2.388314103882294148e-03 2.385974379380543815e-03
2.399666647761478089e-03 2.805510546763737793e-03
2.405081348115345463e-03 2.469386903444926139e-03
2.416990164419985376e-03 2.401788783073425301e-03
2.434934465782134794e-03 2.385575519998868205e-03
2.363338169743656181e-03 2.401601922512054330e-03
2.358097257456392981e-03 2.380256577332814667e-03
2.363601217439281754e-03 2.353792961438496908e-03
2.374066589254653081e-03 2.317035051186879663e-03
2.341246514333761297e-03 2.526760917901992986e-03
2.392347469140077010e-03 2.549709564447403144e-03
2.370380653701431584e-03 2.350899849335352527e-03
2.304240088051301427e-03 2.342368884881337529e-03
2.298988320035277866e-03 2.465210864941278987e-03
2.284879743456258439e-03 2.420254025856653779e-03
2.303851335454965010e-03 2.428147128224372817e-03
2.264328936689707916e-03 2.303378889958063863e-03
2.291850150868413039e-03 2.342116065820058161e-03
2.339644610401592217e-03 2.325532323122024743e-03
2.289972384460270405e-03 2.281622568766275908e-03
2.304665496922098100e-03 2.582006802161534650e-03
2.310065523488447070e-03 2.266663626829783316e-03
2.238267728898790665e-03 2.264868999520937547e-03
2.245799395495851059e-03 2.285533534487088451e-03
2.262770291054039262e-03 2.319926261901855604e-03
2.221674360043834895e-03 2.278548419475555451e-03
2.244658498966600746e-03 2.306173505385716686e-03
2.246013092189969029e-03 2.263262346386909433e-03
2.234390474768588319e-03 2.232306467493375048e-03
2.236937179077358451e-03 2.254005688428878905e-03
2.223840400802146178e-03 2.258146627744038980e-03
2.218158256255264860e-03 2.260755834976832176e-03
2.200163544330280274e-03 2.223568714658419234e-03
2.219698983026319183e-03 2.307450600465138935e-03
2.210833908975473605e-03 2.208586846788724439e-03
2.177627906348789111e-03 2.209687580664952428e-03
2.193576837271393742e-03 2.231547360618909258e-03
2.172444217649172060e-03 2.238435789942741418e-03
2.163421977456891909e-03 2.193618820110956619e-03
2.152501584532728884e-03 2.225758075714111186e-03
2.152897633095562924e-03 2.164201551675796337e-03
2.182287753385026008e-03 2.158397134145101110e-03
2.136083628101914655e-03 2.180046035846074527e-03
2.123448796737648081e-03 2.156960568825403747e-03
2.137484140803280752e-03 2.179802204171816388e-03
2.117126347911835182e-03 2.164726055661837182e-03
2.106738807015062775e-03 2.156062350670496803e-03
2.126651448634220287e-03 2.155537148316701273e-03
2.123204268173140008e-03 2.157038949926694173e-03
2.112056081386981532e-03 2.149918267130851955e-03
2.108698385200113989e-03 2.150039347012837592e-03
2.112211345774994697e-03 2.134674609700838895e-03
2.084456238662824035e-03 2.145586245258649001e-03
2.115781851898645982e-03 2.130149441957473674e-03
2.113276719683199190e-03 2.134131326278050633e-03
2.076815030704892706e-03 2.134908658266067554e-03
2.088854754219937604e-03 2.121121761202812272e-03
2.079860018966428470e-03 2.124146384994188806e-03
2.084516576360329054e-03 2.122868105769157299e-03
2.075896426504186820e-03 2.123228597640991391e-03
2.113548730449110735e-03 2.111214418212572792e-03
2.088532208290416747e-03 2.111132284005483133e-03
2.105561417920398526e-03 2.106402670343717008e-03
2.072794021842128132e-03 2.116408363978067916e-03
2.082558280562807340e-03 2.108734065294265783e-03
2.080044221656862646e-03 2.114639419317245611e-03
2.077103854389861226e-03 2.105703385670979963e-03
2.083098655020876322e-03 2.111811570326487322e-03
2.067572464511613362e-03 2.105492487549781837e-03
2.067281305244250689e-03 2.103990271687507588e-03
2.070772194201708771e-03 2.107816929618517351e-03
2.069286349069443531e-03 2.098170036077499391e-03
2.071603251351916697e-03 2.103433140118916942e-03
2.050718934697215445e-03 2.100969478487968271e-03
2.062416675471467897e-03 2.102928263942400490e-03
2.078655415971297771e-03 2.099782620867093538e-03
2.054388853139244020e-03 2.099013072252273442e-03
2.064769306343805511e-03 2.100021877884864722e-03
2.065299359855998773e-03 2.098202221592267505e-03
