3.185383827076293528e-02 3.166465824445088839e-02
3.051243815571069717e-02 2.968477535247802598e-02
2.771665154432412237e-02 2.575619700749715024e-02
2.376134568476118147e-02 2.209238526026408023e-02
1.950446330010890961e-02 1.721113705635070670e-02
1.519215188454836607e-02 1.325606534481048662e-02
9.358823448565090075e-03 5.983239952723185505e-03
5.112154965900117531e-03 4.790785765647888501e-03
4.765646077430574223e-03 4.805964402357737648e-03
4.673793588153785095e-03 4.678920976320902203e-03
4.535302055955980904e-03 4.493811903397241896e-03
4.374230224129860289e-03 4.260502737760543841e-03
4.156084150963579305e-03 4.116113285223642684e-03
3.928080093828612007e-03 3.845916952689488934e-03
3.765767403820063919e-03 3.676360348860422799e-03
3.564331324014347047e-03 3.560139350096384533e-03
3.427642566748545505e-03 3.360284539063771760e-03
3.327049147628713399e-03 3.245791145165761397e-03
3.226369033654918894e-03 3.220666714509328073e-03
3.241144686398911290e-03 3.227305213610331003e-03
3.216555833205347881e-03 3.166522524754206407e-03
3.220049720766837709e-03 3.173664085070292042e-03
3.153470046527218074e-03 3.146418132384618243e-03
3.232148126699030399e-03 3.133794256051381562e-03
3.179144783644005656e-03 3.373662618796030837e-03
3.141278684779535979e-03 3.165275293588638156e-03
3.124896844383329153e-03 3.079323452711105278e-03
3.155856340526952408e-03 3.082112767299016124e-03
3.145176950056338683e-03 3.130165984233220389e-03
3.065107923248433508e-03 3.052013701200485384e-03
3.114673330856021494e-03 3.101701001326243046e-03
3.139911686957930215e-03 3.136133694648742757e-03
3.043681597773684189e-03 3.176603690783182891e-03
3.051346786378417164e-03 3.054191958904266258e-03
3.053474078114959411e-03 2.991126215457916467e-03
3.041899708478013054e-03 3.016288465261459349e-03
3.033694796613417566e-03 3.041838427384694309e-03
2.987041345477337018e-03 3.057818490266799721e-03
2.972863081595278345e-03 2.965725602706273563e-03
2.982747957503306679e-03 3.000654816627502334e-03
2.951886666778591461e-03 2.882386704285939700e-03
2.935541899205418304e-03 3.073792278766632278e-03
2.984963735798373818e-03 3.114056670665740854e-03
2.926428976934403181e-03 3.168127153317133477e-03
2.955312414997024462e-03 2.997704531749089546e-03
2.877050063034403138e-03 2.962160386641820263e-03
2.919723083323333412e-03 2.863444691896438726e-03
2.896621925174258649e-03 2.843041553099950099e-03
2.901659236158593558e-03 2.907325428724288809e-03
2.879998844946385361e-03 2.826226129134495890e-03
2.888029710447881371e-03 2.885451785723368127e-03
2.816002064719214104e-03 2.831289231777191044e-03
2.856216095096897334e-03 2.778980557123820073e-03
2.798167084620217793e-03 2.759125095605850352e-03
2.882504782974137925e-03 2.786667609214782838e-03
2.834193093804060481e-03 2.781282925605773823e-03
2.859831363821285777e-03 2.819024686018625856e-03
2.825761961503303610e-03 2.901311365763346427e-03
2.787956009342451580e-03 2.727053123712539461e-03
2.816418003931175917e-03 2.746243149042129541e-03
2.780661692668218166e-03 2.848974885543187601e-03
2.783522084428113885e-03 2.894474403063456054e-03
2.774445669274427928e-03 2.764127633968989188e-03
2.726028775214217603e-03 2.775387229522069139e-03
2.746406122241751291e-03 2.726352886358896898e-03
2.735590240263263695e-03 2.662827843427657999e-03
2.706915860471781343e-03 2.729297176996866702e-03
2.707872787141241133e-03 2.686668084065119578e-03
2.691701132789603435e-03 2.814817414681116542e-03
2.726441396589507349e-03 2.715008099873860575e-03
2.697220872505567968e-03 2.885883420705795399e-03
2.672328120752354153e-03 2.591424944003422898e-03
2.696049696169211529e-03 2.646744060516357470e-03
2.622981297463411465e-03 2.613702509800593099e-03
2.622686379254446365e-03 2.557538938522338663e-03
2.642364279381581582e-03 2.602910820643107234e-03
2.666588079591747373e-03 2.578827158610025837e-03
2.627889121868065558e-03 2.614842671155929478e-03
2.597587708805804141e-03 2.590671352545420494e-03
2.627049054353847168e-03 2.506936881939569959e-03
2.614296383399050683e-03 2.515131566921870003e-03
2.540910973038990051e-03 2.512442515293757030e-03
2.544535434935824014e-03 2.428874092300732732e-03
2.564575615906505845e-03 2.552384750048319450e-03
2.581088085207738914e-03 2.538948571681976137e-03
2.591672870039474219e-03 2.627592013279596815e-03
2.529821125790476799e-03 2.587470241387685149e-03
2.556549619839643128e-03 2.498175744215647490e-03
2.508820518414722756e-03 2.372295850515365560e-03
2.493679565304773860e-03 2.457812770207722878e-03
2.455955560435540974e-03 2.384804585576057612e-03
2.378807990680797957e-03 2.726049747069676874e-03
2.409161350442445837e-03 2.336407182614008531e-03
2.435587310174014419e-03 2.487576979398727507e-03
2.372821036260575056e-03 2.892162815729776900e-03
2.402468279797176365e-03 2.537812775373458982e-03
2.379254084189597052e-03 2.456930234034856129e-03
2.318181634109350853e-03 2.484175272782643620e-03
2.399439257715130225e-03 2.538913973172505535e-03
2.374320509261451662e-03 2.273102042078971752e-03
2.329194601770723239e-03 2.278370412190755100e-03
2.289812980052374769e-03 2.296360357602437140e-03
2.280814508594630752e-03 2.306282017628351680e-03
2.297723041010613088e-03 2.149949443340301494e-03
2.237591701486962847e-03 2.732165483633677318e-03
2.263913141177908983e-03 2.471327698230743348e-03
2.235062444015056826e-03 2.291593161225318875e-03
2.199285749156842940e-03 2.226914165417353403e-03
2.177900715651048813e-03 2.189804801344871592e-03
2.223433727522206027e-03 2.207937392592430013e-03
2.208140550465031993e-03 2.124335481723149417e-03
2.169024758586601820e-03 2.550639774401982588e-03
2.165134033020876814e-03 2.110232046246528822e-03
2.100861449434887618e-03 2.155308144291242026e-03
2.128956093656597659e-03 2.066111161311467471e-03
2.218733657173288520e-03 2.261813470721244640e-03
2.148953623873239849e-03 2.079637106259663894e-03
2.067153604912164155e-03 2.007972649733225350e-03
2.152118703634187113e-03 2.653325631221135471e-03
2.099993890624318738e-03 3.099187191327412889e-03
2.099075904880010057e-03 2.011947466929753583e-03
2.069624085379473399e-03 2.097132005294164228e-03
2.050534919362689834e-03 2.030850216746330362e-03
2.056765571978758089e-03 1.971515555183092714e-03
2.070991661639709491e-03 2.115110667546589961e-03
2.078863187307433691e-03 1.968148045738538250e-03
2.052073217782890424e-03 2.026337015628814665e-03
2.076237130495428573e-03 2.038958180944124704e-03
1.966222394003125373e-03 1.963367776075998754e-03
2.006743776291841641e-03 1.944392916560173110e-03
2.028470877121435478e-03 2.011057850718498373e-03
2.001336355533567257e-03 1.958631367484728585e-03
1.982558977942971978e-03 2.251423755288123937e-03
2.028639388299779966e-03 1.920662588874498923e-03
1.995311368773400318e-03 2.011672295133272795e-03
1.970321007320308127e-03 1.977944228053093046e-03
1.964769385267572943e-03 1.964496531089147090e-03
1.986050282539508771e-03 1.949505548675854998e-03
1.961878218025958631e-03 1.979552889863650088e-03
1.956082006472570356e-03 1.923597620924313899e-03
1.922859549267741386e-03 1.882326043645540879e-03
1.965911424122168683e-03 1.944943521420160930e-03
1.924205359500774648e-03 2.056129763523737580e-03
1.950499546182982158e-03 1.930719677607218394e-03
1.944371758327179123e-03 1.937555740276972411e-03
1.908533678943058476e-03 1.844149710734685303e-03
1.885180069621128496e-03 1.880640963713327935e-03
1.888809028969262727e-03 1.977838581800460665e-03
1.903026699437759817e-03 1.884327271580696177e-03
1.880274891846056562e-03 1.925190901756286630e-03
1.926752203871728852e-03 1.839868775010108969e-03
1.877511170278012287e-03 1.838680203755696648e-03
1.915029666633927263e-03 1.965537935495376750e-03
1.923497833558940329e-03 2.015261539816856542e-03
1.889579765702364966e-03 1.852556548515955524e-03
1.958065114195051137e-03 1.848360612988471895e-03
1.853126619607792236e-03 1.900120833516120858e-03
1.895808364679396618e-03 1.859782395760218362e-03
1.871137619673390873e-03 1.836120500167210930e-03
1.822698595788097009e-03 1.843083691596984893e-03
1.836945668401313014e-03 1.811740496754646367e-03
1.849561660492327064e-03 1.805122584104537891e-03
1.863386061813798733e-03 1.873530737559000623e-03
1.832215304602868855e-03 1.894462333122889268e-03
1.830355841775599401e-03 1.832455448309580409e-03
1.811770050153427292e-03 1.843445181846618689e-03
1.810860548175696749e-03 1.864460664987564005e-03
1.815082777284260374e-03 1.868980820973714261e-03
1.817341614696488250e-03 1.836621451377868546e-03
1.844354390414082445e-03 1.765533943970998059e-03
1.809217622394498903e-03 1.815931335091590989e-03
1.776580346813716460e-03 1.778730396429697731e-03
1.782429207196400966e-03 1.760718174775441390e-03
1.769836604580632411e-03 1.771516765157381788e-03
1.799495352315716445e-03 1.831016348799069686e-03
1.789820301382860634e-03 1.746211020151774030e-03
1.777019181645300705e-03 1.768918198347091755e-03
1.742005445521499496e-03 1.853277758757273337e-03
1.769383942701097112e-03 1.838719270626703933e-03
1.772064917531679384e-03 1.818579987684885556e-03
1.779461726982844993e-03 1.788901616136233039e-03
1.750869439092639368e-03 1.799473282694816559e-03
1.752610575749713462e-03 1.852548309167226194e-03
1.816850463910668623e-03 1.730138770739237395e-03
1.753940729031455703e-03 1.737341477473576838e-03
1.750935459313041065e-03 1.839625589052836137e-03
1.727039233628602233e-03 1.776223233342170624e-03
1.746993748383829370e-03 1.726242452859878514e-03
1.722131554743100423e-03 1.771420759956042002e-03
1.721014208669657819e-03 1.742700453599293998e-03
1.734809781737567391e-03 1.794085471828778689e-03
1.708034722469164990e-03 1.703936442732810995e-03
1.710001521132653579e-03 1.701471796631813006e-03
1.735161863507528324e-03 1.704536599914232859e-03
1.730032942759862635e-03 1.776322862505912712e-03
1.707231836917344481e-03 1.720212183396021503e-03
1.695206858130404726e-03 1.710865994294484419e-03
1.704141844129480887e-03 1.716468795140584308e-03
1.715330803563119844e-03 1.711643728613853385e-03
1.697193953077658080e-03 1.699473931392033984e-03
1.667219672526698560e-03 1.703058138489723294e-03
1.718198813250637613e-03 1.765658436218897403e-03
1.699303822533693165e-03 1.739075640837351583e-03
1.677032299085112754e-03 1.705585539340972838e-03
1.674554453529708553e-03 1.678000106414159190e-03
1.655344405662617646e-03 1.681095418334007264e-03
1.657511460507521406e-03 1.671238542596499219e-03
1.676383617450483143e-03 1.714637683828671832e-03
1.671944480222009588e-03 1.682167139649391263e-03
1.666284558268671390e-03 1.688066199421882655e-03
1.649307588195370045e-03 1.663973313570022610e-03
1.676589204180345405e-03 1.741668401161829702e-03
1.674617356002272572e-03 1.663075682520866400e-03
1.652190338973014150e-03 1.691333177685737594e-03
1.678486746641283389e-03 1.671432824929555260e-03
1.653967382480914239e-03 1.659511027733485012e-03
1.670055153226712719e-03 1.655898309747377969e-03
1.648138665586884599e-03 1.653955937425295513e-03
1.642404169615474530e-03 1.663232678174972508e-03
1.645960439418558963e-03 1.647956110040346743e-03
1.644064039282966405e-03 1.650224631031354172e-03
1.639342924136144575e-03 1.652428361773490995e-03
1.630591944376647007e-03 1.645259156823158236e-03
1.620955134967516642e-03 1.655052734414736446e-03
1.615949394363269676e-03 1.643264995018641232e-03
1.620573678337677848e-03 1.639601798852284749e-03
1.635021543734183069e-03 1.645105667908986369e-03
1.626547596970340237e-03 1.633796001474062702e-03
1.631139230084954761e-03 1.642332201202710562e-03
1.617419071408221498e-03 1.637059306104977907e-03
1.629685959414928220e-03 1.629498369495073918e-03
1.620674833247903734e-03 1.634790485103925026e-03
1.611801338185614441e-03 1.636706902583440204e-03
1.610703551705228165e-03 1.623929979403813777e-03
1.618988296286261175e-03 1.624502499898274792e-03
1.605265126272570342e-03 1.633415896693865468e-03
1.619037738237238955e-03 1.625020790100097567e-03
1.616432110495225061e-03 1.622377602259318088e-03
1.621438801521435380e-03 1.622850401202837562e-03
1.601557412868714891e-03 1.619898907343546475e-03
1.610384136256470811e-03 1.621261041363080422e-03
1.608192357707594056e-03 1.617996283372243223e-03
1.594258203112985939e-03 1.622818996508916230e-03
1.607280388270737603e-03 1.617940129836400315e-03
1.604509035132650752e-03 1.618651104966799389e-03
1.600602389771665912e-03 1.617826896905899103e-03
1.613275468116626143e-03 1.616405073801676371e-03
1.588560637173941359e-03 1.618416411677996289e-03
1.590924126503523439e-03 1.617196680108706113e-03
1.612936647688911762e-03 1.617413626114527466e-03
