3.233276096580084413e-02 3.224743659666273743e-02
3.205593932943884283e-02 3.219267986423801631e-02
3.171041842142585665e-02 3.196515575109515339e-02
3.155968282953836024e-02 3.075548264314420521e-02
2.219414752471493557e-02 1.281767895852681249e-02
1.054461857711430639e-02 9.952925407560542226e-03
9.971277635486330837e-03 9.967027930542826653e-03
9.935630747349932790e-03 9.943850229319650680e-03
9.802643136936239898e-03 9.900755503622349352e-03
1.000020399806089699e-02 9.915434158756397665e-03
9.899438802676741034e-03 9.937054863257799298e-03
1.002773469372186810e-02 9.922185003233607858e-03
9.900406999804545194e-03 9.898264645016752183e-03
9.943141594703774899e-03 9.921529708663001657e-03
9.847636436461471021e-03 9.800358777283690870e-03
9.914023576129693538e-03 9.896433322865050286e-03
9.837056306423619390e-03 9.809760129428468645e-03
9.779965897905640304e-03 9.798581668292172253e-03
9.855438380327541381e-03 9.862883896857965738e-03
9.837974641413893551e-03 9.755958271853160113e-03
9.761433837411459535e-03 9.753683974849991500e-03
9.769289099494926631e-03 9.748554941324982792e-03
9.866246262390632182e-03 9.724737406941130757e-03
9.780912718269973993e-03 9.806362322706263512e-03
9.810851777729112655e-03 9.770455486432183534e-03
9.667491038271691650e-03 9.712023282190784812e-03
9.681021329015493393e-03 9.798659368243534118e-03
9.748317374032922089e-03 9.718904399051098153e-03
9.820510444114916027e-03 9.731283254950540140e-03
9.723570583446417004e-03 9.685914716101251543e-03
9.636549548304174095e-03 9.732142876600846648e-03
9.660680036176927388e-03 9.697028333903290331e-03
9.676432615378871560e-03 9.773265323019586504e-03
9.705877411761321127e-03 9.744355200382415205e-03
9.738597633258905262e-03 9.760064218426123261e-03
9.708729186968412250e-03 9.681658353656530380e-03
9.719222674902994186e-03 9.692108811577782035e-03
9.754834842169657350e-03 9.741684516484383494e-03
9.592419286491349339e-03 9.740335248352494091e-03
9.755479451996507123e-03 9.713873398141004145e-03
9.690962506283540279e-03 9.792142285732552409e-03
9.723840885271783918e-03 9.719349443912506104e-03
9.679427639639470726e-03 9.679794515250250697e-03
9.676412286353297532e-03 9.720292000565677881e-03
9.779362226254306734e-03 9.695015134639106691e-03
9.750500248628668487e-03 9.685977027402259409e-03
9.781247084902133793e-03 9.774413170816842467e-03
9.577882108715130016e-03 9.687082070740871131e-03
9.735770916449837387e-03 9.669657585618551821e-03
9.641271084547042847e-03 9.700128925032913685e-03
