4.211275951820425689e-02 4.165440343221028796e-02
3.909348565503023565e-02 3.594818226496378916e-02
2.844662628194782883e-02 1.927497078577677242e-02
1.340179362887283787e-02 1.054883733590443982e-02
8.402490071603097022e-03 6.589005629221598645e-03
5.327769962605088949e-03 4.519707620143890645e-03
4.193452792605967261e-03 4.074738542238871483e-03
4.033651652207481675e-03 4.030925933519999456e-03
4.011574817923246883e-03 4.021726455291111876e-03
3.955198253606795333e-03 3.791320323944091970e-03
3.234979847547947429e-03 3.149842421213785992e-03
3.102794709775480442e-03 3.158310687541961842e-03
3.124385581031674519e-03 3.204613629976908566e-03
3.102986645899363793e-03 3.129251088698705059e-03
3.095419800956733525e-03 3.123038770755131883e-03
3.124619441223330796e-03 3.284639859199523816e-03
3.106853295321343467e-03 3.126409475008646698e-03
3.095785332334344275e-03 3.095591535170872863e-03
3.097662740401574410e-03 3.103378613789876516e-03
3.064959728362737224e-03 3.088648486137390153e-03
3.052919641049811617e-03 3.077845907211303536e-03
3.041132627913611941e-03 3.047394486268361225e-03
3.103663857473293319e-03 3.050954238573710085e-03
3.049164999538334087e-03 3.076411215464274276e-03
3.035380832443479449e-03 3.111763481299082649e-03
3.069781405429239385e-03 3.014177711804707886e-03
3.010184042068431154e-03 3.029640714327494402e-03
2.964294868434080854e-03 2.968866223096847546e-03
2.986868845255230553e-03 3.016917143265406085e-03
2.946565989986993372e-03 2.991529852151870918e-03
2.964561570479418151e-03 2.955982025464375627e-03
2.908949285483686253e-03 2.873835919300715344e-03
2.911740006311447360e-03 2.884030361970265494e-03
2.854606051187147386e-03 2.899157112836837826e-03
2.789814700008719228e-03 2.728894774119059157e-03
2.744383067692979239e-03 2.750350183248520021e-03
2.714230400670203380e-03 2.824295667807260983e-03
2.680821226022089832e-03 2.723530843853950306e-03
2.673436438271892257e-03 2.755602850516637378e-03
2.677512955415295437e-03 2.689548206329345909e-03
2.654479389093467034e-03 2.665538899103800374e-03
2.631005918374285102e-03 2.604913524786631185e-03
2.637782739839167334e-03 2.580336151520411150e-03
2.590208923720638268e-03 2.630775286753972257e-03
2.621364357764832675e-03 2.629644437630971384e-03
2.621866320623666979e-03 2.849286995331446522e-03
2.602883443614700809e-03 2.558639558156331189e-03
2.654343170434003696e-03 2.786130082607269493e-03
2.644271848112111911e-03 2.635967894395192367e-03
2.614122842715005390e-03 2.512913025418917271e-03
2.564967033322318457e-03 2.517679518461227606e-03
2.530710089558851905e-03 2.570157202084859260e-03
2.612028312796610408e-03 2.520120726029078263e-03
2.492297007847810164e-03 2.562837324539820466e-03
2.539246710512088612e-03 2.466863165299097889e-03
2.505516336896107532e-03 2.477980796496073376e-03
2.491482737241312861e-03 2.661659785111745394e-03
2.493387935828650370e-03 2.583864794174830018e-03
2.495145434295409359e-03 2.573523795604705684e-03
2.470436385920038447e-03 2.514278324445088850e-03
2.445997080940287560e-03 2.545649246374766164e-03
2.409488471130316611e-03 2.451011111338933200e-03
2.426339377052499913e-03 2.380351654688517109e-03
2.403349743872240651e-03 2.796671368678410857e-03
2.375979856878984720e-03 2.153516663114230043e-03
2.403471921752498019e-03 2.316293310125668720e-03
2.302721485648362432e-03 2.486433655023575010e-03
2.342533032788196579e-03 2.939870522419611720e-03
2.342845253224368207e-03 2.481558192769686526e-03
2.317597441106045153e-03 2.219540080428123677e-03
2.235753738204948604e-03 2.238276653488477288e-03
2.281494662383920513e-03 2.347882784406344053e-03
2.211300298768037464e-03 2.015601020057996174e-03
2.143232694834296126e-03 2.503939886887868432e-03
2.126329085513134487e-03 1.994489214817683070e-03
2.115183060595882125e-03 2.097554338971773999e-03
2.061499009869294241e-03 2.006457857290903750e-03
2.086930576297163498e-03 1.864985555410385212e-03
2.031840257586736698e-03 1.901613200704256731e-03
2.101211605804564897e-03 1.791971993446350199e-03
2.013116393754899036e-03 2.686643683910370020e-03
1.959251211701484863e-03 1.737590631842613181e-03
2.011080691772804130e-03 2.195095316569010361e-03
1.986996556297526695e-03 1.876880605022112529e-03
1.991244532291602809e-03 1.925607193509737717e-03
1.876511986665718723e-03 1.756490487853685925e-03
1.883246600300481077e-03 1.672118239601453043e-03
1.793942552467342466e-03 1.668479500214258742e-03
1.852373366091342177e-03 1.712625784675280219e-03
1.775002385329571553e-03 1.551598301529884347e-03
1.717454731078760233e-03 1.637307234605153402e-03
1.820063775085145608e-03 1.802872498830159539e-03
1.764455379998253193e-03 2.145165257652600736e-03
1.727205400129605550e-03 1.731008737285931985e-03
1.811093597098079044e-03 1.536382847030957509e-03
1.697661919024540111e-03 1.644352511564890458e-03
1.628950693884689827e-03 1.451750729481379298e-03
1.667293451646401081e-03 1.648663507898648567e-03
1.709745312837185338e-03 1.547417684396108079e-03
1.603259968760539778e-03 1.543607893586158852e-03
1.603621168214885984e-03 1.581725107630093828e-03
1.669490781750937458e-03 1.543695730964342750e-03
1.636399138988053892e-03 1.847358806927998929e-03
1.592613258253550157e-03 1.642292758822441138e-03
1.523177067610959057e-03 2.712417002518971963e-03
1.628024007914063986e-03 1.730793004234631961e-03
1.552200264995917678e-03 1.493061838547388815e-03
1.566654735142947175e-03 1.632880495985349111e-03
1.518340672191698104e-03 1.574199376503626537e-03
1.522884509540745057e-03 1.810936843355496735e-03
1.592252262526017148e-03 1.468663148085276289e-03
1.501637134424527176e-03 1.367193722724914474e-03
1.547804582514800131e-03 1.456421130895614721e-03
1.475585243497334886e-03 1.530375911792119289e-03
1.504425149505550507e-03 1.518465674916903273e-03
1.555608449962164741e-03 1.425502449274063197e-03
1.470886666538717691e-03 1.597080084681511006e-03
1.510140214122657198e-03 1.405312966307004389e-03
1.465181967432727106e-03 1.445662416021029160e-03
1.516365668067010120e-03 1.604745992024739568e-03
1.439140404727368150e-03 1.361890169978141737e-03
1.436466513951017987e-03 1.352361490329106585e-03
1.414041568750690203e-03 1.397756605346997570e-03
1.526575819298159331e-03 1.374043200413386113e-03
1.418074206412711646e-03 1.702095732092857297e-03
1.432814576219243463e-03 1.337284858028093886e-03
1.370925767332664691e-03 1.484869114557901999e-03
1.390343878483690787e-03 1.576353761553764450e-03
1.422678814378741663e-03 1.364257154862086058e-03
1.377557907289883588e-03 1.539616728822390188e-03
1.386535199344507419e-03 1.373434063792228644e-03
1.385928718264040072e-03 1.338047678271929485e-03
1.385524725264986046e-03 1.380412676930427643e-03
1.340407268799026497e-03 1.248962449034055110e-03
1.386181767884409055e-03 1.365768056114514571e-03
1.358239900582702830e-03 1.281565330425898149e-03
1.332138809630123433e-03 1.407809144258499127e-03
1.362459921438130550e-03 1.349898144602775484e-03
1.426449816790409386e-03 1.393041502436002119e-03
1.345831636172079016e-03 1.306086753805478463e-03
1.422647558683820534e-03 1.449706983566284232e-03
1.327243367995833978e-03 1.347999389966328876e-03
1.361594670015620068e-03 1.395278136928876237e-03
1.310726524025085382e-03 1.694895458221435487e-03
1.319649282777390908e-03 1.247708736856778435e-03
1.299275601923000067e-03 1.250693425039450237e-03
1.278031541914970148e-03 1.316366499662399367e-03
1.269886144200427225e-03 1.245189658800760968e-03
1.313424490035686176e-03 1.311731308698654104e-03
1.275843447729130276e-03 1.237386797368526499e-03
1.277465524253784679e-03 1.398120384414990817e-03
1.232772204275534023e-03 1.334055797259012938e-03
1.286268355215725023e-03 1.603070490558942051e-03
1.315776358751463704e-03 1.213409341375032988e-03
1.235612535310792737e-03 1.199918776253859273e-03
1.287620456423610449e-03 1.197353843847910560e-03
1.243370845259050839e-03 1.324123926957448266e-03
1.283471883652964607e-03 1.244863693912824035e-03
1.247375256298255408e-03 1.297076789538065657e-03
1.246931234618386952e-03 1.190005295972029276e-03
1.250621894541836809e-03 1.234935420751571760e-03
1.251500398211646825e-03 1.390173655748367255e-03
1.229935854553332319e-03 1.223117907842000271e-03
1.205067473620147211e-03 1.327647153536478612e-03
1.210706064739497378e-03 1.267585626244545046e-03
1.224914792601339286e-03 1.217636869351069236e-03
1.188581208225514274e-03 1.319057203332583191e-03
1.222414676249172771e-03 1.218035048743089117e-03
1.202418194679921726e-03 1.201269113520781135e-03
1.171905677892937092e-03 1.161646588643391962e-03
1.196892613279487705e-03 1.193197790781656961e-03
1.194841717278904980e-03 1.176847628255685068e-03
1.192155795706639765e-03 1.164884466926256919e-03
1.193393217363336589e-03 1.178018077214558826e-03
1.176286036297824467e-03 1.215499251584211890e-03
1.191540181025629863e-03 1.213357613980770066e-03
1.170869242741900962e-03 1.220449944833914419e-03
1.174505856852192665e-03 1.172296061615149152e-03
1.157189938567171339e-03 1.198904959360758572e-03
1.179628307909297291e-03 1.183997646967570013e-03
1.185498103495774558e-03 1.145597272614638047e-03
1.194182339531835169e-03 1.141170240938663497e-03
1.154345983195526060e-03 1.235865646600723322e-03
1.155529132574883988e-03 1.161506829659143987e-03
1.156403438017150620e-03 1.130255146821339957e-03
1.141965475198958302e-03 1.172269601623217262e-03
1.131837980210548267e-03 1.128968400756517974e-03
1.125470770148240263e-03 1.145043700436751020e-03
1.121128129852877464e-03 1.116197018822034188e-03
1.147663144365651533e-03 1.154551192621389947e-03
1.153255971530597890e-03 1.170226779083410971e-03
1.136119946295366390e-03 1.126497951149940452e-03
1.099922165849420708e-03 1.130008635421594085e-03
1.113472753331734566e-03 1.101400214433670031e-03
1.119635031955112936e-03 1.148588900764783158e-03
1.136592208240472246e-03 1.122604678074518763e-03
1.095553684081096435e-03 1.156583667298158010e-03
1.119802207540487871e-03 1.098799331486225101e-03
1.108178645608859370e-03 1.190989474455515611e-03
1.093295960345130879e-03 1.112445847193400169e-03
1.120612164868362015e-03 1.134183815121650712e-03
1.090214908799680416e-03 1.100409148136774658e-03
1.080454367638594704e-03 1.155708728730678531e-03
1.088684608021139866e-03 1.111362028121948200e-03
1.094367146833974402e-03 1.110111155609289774e-03
1.084187395008484600e-03 1.107193238039811409e-03
1.068998225036921212e-03 1.093310155967871329e-03
1.063578984940249939e-03 1.093340397874514305e-03
1.073197252026147908e-03 1.127613583703835883e-03
1.090129369003989268e-03 1.089890322089195202e-03
1.091952442038746085e-03 1.085008969406286950e-03
1.063161510501231533e-03 1.087026009460290241e-03
1.064144042175030336e-03 1.095386645197868282e-03
1.066425206317944685e-03 1.079679226378599732e-03
1.075152372322918382e-03 1.082948617637157374e-03
1.053666625011828728e-03 1.078434108694394490e-03
1.062549105881771538e-03 1.069095744192600280e-03
1.048986712703481317e-03 1.080597398678461753e-03
1.048968841132591479e-03 1.076688955227533915e-03
1.055035250828950666e-03 1.056803291042645752e-03
1.043598322667094180e-03 1.065678025285402919e-03
1.043226173351285979e-03 1.080606229603290605e-03
1.046836226123559754e-03 1.069686600565910401e-03
1.048657430146704428e-03 1.056678399940331851e-03
1.037826483752724016e-03 1.060175082584222236e-03
1.040813712279486936e-03 1.055413071314493861e-03
1.050167122230050154e-03 1.070075787107149833e-03
1.060034281636035303e-03 1.054732162753740888e-03
1.032370339999033604e-03 1.073780090113480787e-03
1.042136258547543548e-03 1.052739662428696984e-03
1.027228975544858258e-03 1.054566868642965987e-03
1.058651379480579635e-03 1.049401251971721636e-03
1.030894391988113057e-03 1.059110024074713403e-03
1.040732137880695518e-03 1.047480490307013245e-03
1.035583863540523453e-03 1.046198748548825492e-03
1.037366765103797661e-03 1.054224275549252776e-03
1.016612371586234076e-03 1.047525353233019546e-03
1.033008530157530913e-03 1.048262065152327218e-03
1.046283307005069219e-03 1.047364149490992132e-03
1.027239743052632548e-03 1.048824437956015270e-03
1.015999879200535361e-03 1.044130418697993045e-03
1.026396002089313697e-03 1.044359765946865090e-03
1.021309936731995549e-03 1.047633099555969225e-03
1.025021959321748000e-03 1.042847933371861746e-03
1.021163403038372053e-03 1.042078756292660977e-03
1.036451806612603832e-03 1.042811681330204103e-03
1.025920211759512313e-03 1.043767696619033857e-03
1.037778415138745913e-03 1.040569884578386971e-03
1.021352096813643584e-03 1.046458489199479430e-03
1.018799214307364309e-03 1.041189535955587943e-03
