4.258594140992499888e-02 4.245173544040881097e-02
4.226873506559059024e-02 4.202949823229573667e-02
4.087203834205865860e-02 3.922004002379253507e-02
3.619676007656380534e-02 3.231817313644569367e-02
2.826820034533739090e-02 2.578709705267101526e-02
2.461441492778249085e-02 2.365897088020574301e-02
2.256093992036767304e-02 2.142788315541110933e-02
1.978122301807161421e-02 1.859414119098801166e-02
1.854932915011886507e-02 1.854248074232600629e-02
1.843567923060618341e-02 1.692665036534890532e-02
1.283593302650842816e-02 1.130281321820802987e-02
9.239060695108491927e-03 8.732727808819618076e-03
4.788081043443526141e-03 3.022449520358350128e-03
3.043901981072849594e-03 3.016222020960412920e-03
2.949030460513313301e-03 2.915009952630498447e-03
2.996804734721081331e-03 3.091068616413394921e-03
2.890454894441063516e-03 2.883338685933267698e-03
2.930438631665310822e-03 2.848085456207627431e-03
2.888125498429872096e-03 2.855376755178440362e-03
2.941605705927941017e-03 2.879197956644929945e-03
2.835260234860470518e-03 2.814627803672919981e-03
2.829387183737708256e-03 2.854956512237549759e-03
2.803521168971201405e-03 2.982628375320928171e-03
2.776713146886322647e-03 2.741779819189105183e-03
2.833365126207354479e-03 2.947725035483017564e-03
2.814264065818861127e-03 2.750103865764685906e-03
2.767313304502749816e-03 2.708253745367983356e-03
2.716622362640919164e-03 2.782633015158353373e-03
2.704111391722108237e-03 2.649050038598943502e-03
2.651237831742037088e-03 2.869313093469827436e-03
2.655752492501051165e-03 2.642100207594921812e-03
2.622688774863490835e-03 2.536095636969548650e-03
2.577676285000052303e-03 2.509844529413385317e-03
2.537401092922664247e-03 2.482376818079501390e-03
2.534409209147270303e-03 2.540796935136313550e-03
2.503431159311730880e-03 2.422838628262979910e-03
2.537121241402928717e-03 2.560890623499290086e-03
2.463580736730364151e-03 2.588161351013695821e-03
2.484726561306160875e-03 2.474647959388676099e-03
2.507089971913956106e-03 2.418998219582135789e-03
2.390951197412505280e-03 2.525593756217858754e-03
2.360047990805469453e-03 2.616982377730892040e-03
2.344774279663397465e-03 2.281736607983475551e-03
2.459757057295064442e-03 2.584155950899003074e-03
2.425692850010818802e-03 2.334157499717548490e-03
2.338560238968057092e-03 2.261459608234872576e-03
2.285787642904324457e-03 2.214921898485044949e-03
2.265345097839599475e-03 2.224826413112168666e-03
2.264571632622391917e-03 2.142670969988103025e-03
2.344148027077608276e-03 2.752629245151183568e-03
2.233336624158255290e-03 2.671838654350722209e-03
2.270635322929592803e-03 2.098098857459262945e-03
2.198940882408351172e-03 2.045303906015760731e-03
2.248667513413238339e-03 2.083598948047438171e-03
2.193344616898684762e-03 2.007728641729045194e-03
2.152192477296921425e-03 2.168937258829828352e-03
2.154097323000314645e-03 2.557385801992495544e-03
2.172550464820233174e-03 2.085700582028948702e-03
2.144871151358529460e-03 2.520403771995916031e-03
2.179699116823030636e-03 1.972059149011329282e-03
2.076666810353344772e-03 2.063003488729009405e-03
2.026773171564855147e-03 1.848554110438271891e-03
2.087839603518659715e-03 1.948038186128542293e-03
1.986845020837790798e-03 1.787964619325066451e-03
1.982159114959358703e-03 2.087733843836758751e-03
1.950633251908584498e-03 1.893085574010910932e-03
1.992426698961935472e-03 2.479343342201900668e-03
1.940142419698531739e-03 2.532556130972807296e-03
1.963568550308991689e-03 2.283525123857543804e-03
1.832984338761889376e-03 1.780016247721505351e-03
1.881861951915198006e-03 1.678215781794278882e-03
1.838580006733536720e-03 1.783659363354672678e-03
1.815064377296948805e-03 1.716387043416034430e-03
1.877721908385865390e-03 1.666564000515791122e-03
1.866941158368717879e-03 1.925048090015479829e-03
1.829599651500757318e-03 1.682074218479101546e-03
1.753571342305804137e-03 1.808551201065711211e-03
1.775495488800515886e-03 2.253080525406403467e-03
1.833961472584633157e-03 2.000105330807855353e-03
1.792774409295816440e-03 1.832166715757921338e-03
1.743497325151110999e-03 1.944474242009164300e-03
1.736466405418468639e-03 1.886844018372357823e-03
1.737676310767710675e-03 1.779267998244904447e-03
1.644007601498742588e-03 2.023045283749524970e-03
1.724534890854556579e-03 1.655141716582875233e-03
1.618110146409890149e-03 1.707574297142855357e-03
1.691784043941879645e-03 1.696708302915794775e-03
1.622620782654848881e-03 1.621108936888049357e-03
1.632747847907012329e-03 1.477143142437853385e-03
1.665162725657864939e-03 1.487848618126008660e-03
1.645251581066986546e-03 1.670255644057760946e-03
1.643978762331244070e-03 1.375053881019994151e-03
1.612119795026956126e-03 1.538804927804449107e-03
1.628284975595306605e-03 1.460060630051884800e-03
1.591779104273882695e-03 1.446059844056435395e-03
1.524370891274884343e-03 1.708920404780656099e-03
1.613807473404449411e-03 1.755659376613039058e-03
1.549658460589853348e-03 1.653721130423946306e-03
1.526805687717569526e-03 1.451088603971584234e-03
1.543078483337012585e-03 1.699767671198060270e-03
1.520371048172819428e-03 1.486114476392685901e-03
1.505049813204095699e-03 1.451218107831664383e-03
1.446233453862078022e-03 1.432700312761880923e-03
1.502684460319869686e-03 1.405151580911478959e-03
1.518648483397555538e-03 1.394803680341283325e-03
1.484072056882723700e-03 1.426690148036868777e-03
1.467519977268239018e-03 1.444712438569695223e-03
1.476914428167219739e-03 1.499969748692819849e-03
1.495027395321812946e-03 1.514421080173633527e-03
1.424967135790211614e-03 1.457841918636404444e-03
1.438140048776404001e-03 1.440365334929083474e-03
1.436852502592955716e-03 1.388948520798294339e-03
1.393075255691655912e-03 1.384228025926859118e-03
1.400382483552675694e-03 1.251579392828716664e-03
1.397338052811392117e-03 1.330475953182030935e-03
1.382153123813623097e-03 1.538453176181064919e-03
1.366440459605655633e-03 1.293544399231905118e-03
1.411783616276807152e-03 1.261684179553412832e-03
1.377737970869929995e-03 1.293291569709253963e-03
1.352337606476794463e-03 1.278690661820292007e-03
1.381361481435305905e-03 1.401891492605500389e-03
1.372829667161568068e-03 1.451188274586456828e-03
1.331156646756426198e-03 1.258938542378018610e-03
1.351347054878715426e-03 1.427073345439566765e-03
1.301080766097584274e-03 1.308136788338742917e-03
1.326354504726623418e-03 1.232119202541070990e-03
1.310764428126276471e-03 1.311060913394612726e-03
1.335711693172925152e-03 1.621955861992319115e-03
1.275342019653180614e-03 1.405926576808269601e-03
1.288086923977971310e-03 1.587904909683857113e-03
1.318451707902568160e-03 1.264496996100206161e-03
1.297242733016901184e-03 1.313917088737071026e-03
1.269365032385394443e-03 1.216712496898253448e-03
1.248075595867703669e-03 1.438970033632358536e-03
1.250676928520988440e-03 1.330198838331853040e-03
1.253261053534515668e-03 1.173465484043845208e-03
1.221248783622286282e-03 1.179740189400035888e-03
1.284694943478825735e-03 1.485010596297797747e-03
1.216052937252243282e-03 1.188147094580926932e-03
1.212663984915707260e-03 1.143574222624010872e-03
1.221524322772893356e-03 1.359774195407226216e-03
1.221340224674349884e-03 1.176512080746761058e-03
1.213186573295388371e-03 1.163619771432422567e-03
1.220670932525536045e-03 1.223705463416990824e-03
1.176399708583630854e-03 1.165711460998863913e-03
1.224485890816140454e-03 1.138895528129069135e-03
1.198517708417057293e-03 1.134264878601243254e-03
1.157673134912329260e-03 1.123228472806658829e-03
1.202494293465861119e-03 1.195248968087980757e-03
1.197852771838370245e-03 1.205976533128705341e-03
1.178121396606002236e-03 1.156918186552502448e-03
1.229544190209708177e-03 1.258762773886701325e-03
1.189242529108014423e-03 1.299922285397769883e-03
1.163277360319625586e-03 1.075887105798756238e-03
1.133157700678566471e-03 1.152462022218969651e-03
1.126953839047928341e-03 1.090830180601187749e-03
1.177793059014220489e-03 1.115002236019790871e-03
1.108481443225173280e-03 1.134436265147087397e-03
1.165729717286012601e-03 1.164230316135217436e-03
1.093215538276126608e-03 1.147011254488461418e-03
1.115030246637616074e-03 1.179206717097258661e-03
1.120120126870460808e-03 1.128236281147110276e-03
1.091293103399948450e-03 1.104878725072921952e-03
1.131920277202880243e-03 1.328605349044664763e-03
1.107820723063923651e-03 1.070827693183673546e-03
1.087233661110076355e-03 1.033009169532306259e-03
1.066450643065763870e-03 1.078919545761891641e-03
1.110408965359965805e-03 1.143833344485756243e-03
1.058325456597231096e-03 1.058243076840881258e-03
1.062270330294268206e-03 1.028745922212692676e-03
1.082996618151810253e-03 1.085358288491988787e-03
1.033160949191369582e-03 1.084913253635022556e-03
1.043209597810346168e-03 1.003735119866178138e-03
1.054598422797425883e-03 1.095609244657680392e-03
1.027681099003530107e-03 1.048225502472632797e-03
1.024060600229859119e-03 1.013087533920042915e-03
1.023274197905266192e-03 1.009607919513655361e-03
9.916892408909916412e-04 1.001125247512391070e-03
1.022651178118394455e-03 1.003336598387249978e-03
1.050319269779720344e-03 1.043653087435814086e-03
1.033928050219401484e-03 1.027028309636079939e-03
9.856908104666217696e-04 1.017075125218980247e-03
1.012552813790534856e-03 9.637347125135420356e-04
9.641834753892908338e-04 9.876096837615477853e-04
9.845474246503727045e-04 1.056011253240285441e-03
9.796831855055643246e-04 9.412669701305276249e-04
9.406584399584971834e-04 9.330699353995441925e-04
9.708491056699131150e-04 9.399091513841995038e-04
9.349881174784968607e-04 9.662099414526892360e-04
9.562778495819657110e-04 9.444824931961193215e-04
9.457488677071523853e-04 9.017268325806071516e-04
9.209632867168693338e-04 9.448791843169601634e-04
9.199197052112140227e-04 9.285012197324249428e-04
9.171199017146136612e-04 9.261257541766099166e-04
9.370260299874644261e-04 8.807671492832014337e-04
8.933807562243600842e-04 9.200826693813723978e-04
8.886421464922023006e-04 9.164723537651298102e-04
9.068589370144763961e-04 9.250122789126180578e-04
8.847396547935204580e-04 8.857378606990096159e-04
8.863305852173652966e-04 8.959045553638134152e-04
9.005997230815410148e-04 8.565277275920379907e-04
8.479109651489125099e-04 8.524047589162364602e-04
8.907505125534953550e-04 8.462677469651680440e-04
8.275828399746387731e-04 8.418169495598704088e-04
8.444001159659819677e-04 8.180565860129718203e-04
8.279595003841677681e-04 8.232241139012330677e-04
8.323713145728106610e-04 8.627570514363469556e-04
8.330673372256569564e-04 7.976342567417304963e-04
8.184174721463932656e-04 8.802010488579981029e-04
8.050933661252202000e-04 7.933872516332485247e-04
8.097962190731777810e-04 8.714824657545250375e-04
8.210147152567515150e-04 8.049535563259269111e-04
7.907629865258058999e-04 7.866066325732390396e-04
7.879738145675219130e-04 7.993493341018620413e-04
7.871829129726393148e-04 7.727440861344803125e-04
7.847663582651875913e-04 7.765140353512833826e-04
7.780563591950340196e-04 7.846928010621923022e-04
7.806172889104345813e-04 7.657569985894951969e-04
7.677164658161927946e-04 7.654211099179519806e-04
7.687919946874899324e-04 7.683527196604700293e-04
7.674794442209531553e-04 7.555661036349192727e-04
7.525879004788293969e-04 8.024796611607598606e-04
7.608969685861666221e-04 7.666939245609682985e-04
7.338283512581256218e-04 7.533658176726021338e-04
7.411453525492106564e-04 7.399479395644448232e-04
7.447317880178161431e-04 7.434776116497232579e-04
7.281395751306263264e-04 7.441939460477442481e-04
7.395475613520829938e-04 7.418291888825478964e-04
7.321069683712266851e-04 7.454821479768725112e-04
7.277096015059214551e-04 7.246410546031256672e-04
7.325240294449031353e-04 7.542629923591448460e-04
7.305232879843970295e-04 7.303351585505879484e-04
7.266346342476026621e-04 7.198255925686680712e-04
7.180052816693205386e-04 7.342828857872518711e-04
7.212778691609855741e-04 7.310187493203557096e-04
7.101493001755443402e-04 7.195520879577088635e-04
7.125707525119651109e-04 7.240304403239861131e-04
7.219028198051091749e-04 7.202351780506432988e-04
7.090370695550518576e-04 7.206524205685127527e-04
7.124623548406816553e-04 7.192240095719171222e-04
7.036997708382841665e-04 7.214050410766503774e-04
7.076834467625303660e-04 7.161023008848133031e-04
6.967987296775390860e-04 7.191676304501015693e-04
7.027430551715951879e-04 7.136323106351483148e-04
7.126980467546673026e-04 7.138348714761377778e-04
7.076480728755996097e-04 7.103417515281762462e-04
7.120434320313506760e-04 7.082744450599420816e-04
7.048836064313945826e-04 7.144512510421918705e-04
6.984903457123436965e-04 7.074169029692711774e-04
7.181033151937299408e-04 7.079739375512872357e-04
