3.587294048070907571e-02 3.700750255584716458e-02
3.585904335975646784e-02 3.694388818740844405e-02
3.582802355289459173e-02 3.688744020462036283e-02
3.577105057239532426e-02 3.687116432189941478e-02
3.574461400508880532e-02 3.691086578369140447e-02
3.562940156459808161e-02 3.675439167022705178e-02
3.545413404703140481e-02 3.646960926055908131e-02
3.458496820926666021e-02 3.421205282211303711e-02
2.764915275573730583e-02 2.070444083213806089e-02
1.620671817660331721e-02 1.351207339763641282e-02
1.187465189397335016e-02 1.099385273456573477e-02
1.072232197225093768e-02 1.066691827774047911e-02
1.065515896677970802e-02 1.067633879184722891e-02
1.063220614194869927e-02 1.068300664424896157e-02
1.061844429373741232e-02 1.067088651657104557e-02
1.062913338840007840e-02 1.077193117141723652e-02
1.063051858544349602e-02 1.065787756443023655e-02
1.061192469298839584e-02 1.067079639434814417e-02
1.061884048581123417e-02 1.065252208709716736e-02
1.064792376756668046e-02 1.062127590179443373e-02
1.063839188218116717e-02 1.067181551456451369e-02
1.063573363423347441e-02 1.066644012928009110e-02
1.065131150186061915e-02 1.070918488502502382e-02
1.063326838612556509e-02 1.079500007629394590e-02
1.067552031576633406e-02 1.069850814342498783e-02
1.064174306392669592e-02 1.067738389968872145e-02
1.062517882883548710e-02 1.066842591762542751e-02
1.061730362474918449e-02 1.067610108852386393e-02
1.064198030531406450e-02 1.066901850700378504e-02
1.066629584133624992e-02 1.076305830478668270e-02
1.065951752662658639e-02 1.068483078479766889e-02
1.063556750118732457e-02 1.066155374050140395e-02
1.062261457741260455e-02 1.069577538967132584e-02
1.065445467829704250e-02 1.065781450271606479e-02
1.062692628800868989e-02 1.080205643177032521e-02
1.064466324448585556e-02 1.065019071102142265e-02
1.064505723118782006e-02 1.066526269912719711e-02
1.064049547910690327e-02 1.066995429992675763e-02
1.062792162597179374e-02 1.068070256710052478e-02
1.063855655491352005e-02 1.069986724853515606e-02
1.064985470473766259e-02 1.066557300090789813e-02
1.062350089848041607e-02 1.069167757034301773e-02
1.063562268018722508e-02 1.066533255577087336e-02
1.064209221303463043e-02 1.066720843315124498e-02
1.062904553115367849e-02 1.070684182643890335e-02
1.063852131366729674e-02 1.069252884387970025e-02
1.062649688124656620e-02 1.080589187145233193e-02
1.063673979043960535e-02 1.067006647586822565e-02
1.062669144570827472e-02 1.072219371795654283e-02
1.064672572910785667e-02 1.069880759716033969e-02
1.062789113819599153e-02 1.070727670192718473e-02
1.064289453625679067e-02 1.066141104698181165e-02
1.065626503527164481e-02 1.072201037406921367e-02
1.063583120703697274e-02 1.069870209693908614e-02
1.062444178760051788e-02 1.069274985790252645e-02
1.064130589365959098e-02 1.070132780075073314e-02
1.062835913896560680e-02 1.079415822029113764e-02
1.063190579414367669e-02 1.067492687702178977e-02
1.064246264100074738e-02 1.069571650028228703e-02
1.063355323672294551e-02 1.071231305599212695e-02
1.063040834665298501e-02 1.068029844760894770e-02
1.062365314364433280e-02 1.065125072002410904e-02
1.062753827869892045e-02 1.069448328018188406e-02
1.065034300088882509e-02 1.066293597221374539e-02
1.062310200929641665e-02 1.067010009288787802e-02
1.062850339710712418e-02 1.070148265361785950e-02
1.063016887009143874e-02 1.067420935630798359e-02
1.062595397233962943e-02 1.066771280765533431e-02
1.063213719427585566e-02 1.070552277565002368e-02
1.065148474276065779e-02 1.065216171741485522e-02
1.062810379266738818e-02 1.072790038585662818e-02
1.062310187518596648e-02 1.067787790298461992e-02
1.062631079554557725e-02 1.068934702873229961e-02
1.063087898492813196e-02 1.070019793510437051e-02
1.063388018310069960e-02 1.069619524478912335e-02
1.062603880465030730e-02 1.067918372154235893e-02
1.062722371518611854e-02 1.069706583023071270e-02
1.062403568625450156e-02 1.068183553218841550e-02
1.061567059159278931e-02 1.070073735713958710e-02
1.063558423519134558e-02 1.070825994014740039e-02
1.061578819155693104e-02 1.068113827705383274e-02
1.062404340505600057e-02 1.066259515285492010e-02
1.063448460400104496e-02 1.069714891910552960e-02
1.062521141767501856e-02 1.065509021282196045e-02
1.061989350616931831e-02 1.068896377086639427e-02
1.062545563280582403e-02 1.067802488803863518e-02
1.061027099192142498e-02 1.066998064517974895e-02
1.062004832923412259e-02 1.065554904937744164e-02
1.060938836634159159e-02 1.066269981861114532e-02
1.061590839922428066e-02 1.067488276958465654e-02
1.061413830518722484e-02 1.070876610279083291e-02
1.062195537984371267e-02 1.068528079986572239e-02
1.061599181592464379e-02 1.066556882858276344e-02
1.061052548885345510e-02 1.067331492900848444e-02
1.062013223767280592e-02 1.064187574386596738e-02
1.061536194384098131e-02 1.069197928905487108e-02
1.061495855450630271e-02 1.066921639442443802e-02
1.063942217826843208e-02 1.065476548671722389e-02
1.061231715977191924e-02 1.065049171447753941e-02
1.061997264623642037e-02 1.070174264907836938e-02
