5.112544738221913576e-02 5.072279574076334757e-02
4.837752072489820421e-02 4.644575332005818763e-02
4.125259071588516235e-02 3.571000820795695169e-02
2.888238824380096048e-02 2.457448075612386068e-02
2.111316745867952704e-02 1.825807472864786687e-02
1.575533130380790681e-02 1.389204423427581846e-02
1.231135996204102412e-02 1.140331985950470035e-02
1.108034191565820947e-02 1.106001706918080703e-02
1.075330367893911898e-02 1.081439365545908658e-02
1.076012165867723525e-02 1.087894417444864974e-02
1.071982282883254811e-02 1.070055122375488353e-02
1.041362589603522792e-02 1.075862193107604906e-02
1.062045764410868287e-02 1.050283984343210880e-02
1.031890416197711602e-02 1.060931322574615483e-02
1.044354063196806237e-02 1.029229796330134034e-02
1.022604559693718329e-02 1.023121289412180605e-02
1.021150564338313416e-02 1.016136419773101818e-02
1.026423441362567246e-02 1.025047925313313756e-02
1.016671743127517402e-02 1.034347581863403337e-02
1.006223156582564116e-02 1.008585803508758524e-02
9.982051262340974063e-03 1.080636073748270608e-02
9.840912389336153865e-03 9.994570509592692192e-03
9.919618496496696025e-03 1.011306463877359972e-02
9.759289281646488234e-03 9.848628338177999389e-03
9.759419815964065492e-03 9.933966652552287183e-03
9.724623232614248991e-03 9.724419371287028671e-03
9.697788700577802956e-03 9.527766784032186409e-03
9.464424030738882720e-03 9.571324173609415883e-03
9.559936806908808649e-03 9.454921301205952353e-03
9.473380050621926785e-03 9.447175645828247148e-03
9.507561597274616361e-03 1.010871872901916539e-02
9.373899483762215823e-03 9.620707432428996300e-03
9.285423755500232801e-03 9.157497207323710836e-03
9.031355701154097915e-03 8.524438993136087758e-03
8.370180828933371231e-03 8.603903373082479392e-03
8.284864608867792413e-03 7.735306036472320776e-03
7.817950179742183536e-03 8.307283226648967331e-03
8.019574186619138345e-03 8.136558266480763135e-03
7.808192553056869656e-03 8.001222980022430070e-03
7.644628873094916344e-03 8.522375647226968637e-03
7.820103739504702389e-03 7.106283366680145146e-03
7.362430511420825496e-03 7.008936035633087092e-03
7.436432195390807465e-03 7.690498967965443515e-03
7.244256892590783536e-03 6.757250547409057555e-03
7.360175415669800714e-03 7.164402043819427524e-03
7.077156908053439111e-03 7.021113427480061599e-03
7.194559042545733973e-03 6.896912137667338301e-03
7.266014119522878900e-03 7.537621037165324195e-03
7.043948262435151264e-03 6.952120248476664592e-03
6.985118343436624855e-03 7.381354800860087141e-03
6.933503806067164987e-03 7.135982545216878505e-03
6.749875705281738192e-03 6.914886979262033738e-03
7.030032735201530159e-03 7.230906573931376001e-03
6.923173692484851927e-03 6.516507279872894333e-03
6.707319993438431993e-03 6.468189787864685007e-03
6.778026563551975414e-03 7.252923377354939492e-03
6.982043483731104061e-03 7.377475436528523924e-03
6.923208082298515365e-03 6.386831843852996959e-03
6.541642109368694946e-03 7.029330670833587764e-03
6.740717810316709802e-03 7.820031706492105994e-03
6.625216195971006528e-03 7.140664184093475399e-03
6.710846333589870483e-03 6.932982293764750233e-03
6.767083330487366766e-03 8.409308286507924043e-03
6.792106087232241407e-03 6.407176276048024387e-03
6.603274523513391614e-03 7.994458901882170801e-03
6.612781129661016166e-03 5.932461007436116811e-03
6.348826958856079727e-03 6.364241222540537729e-03
6.297028216067701578e-03 6.177477089564005312e-03
6.433918664697557688e-03 6.164555621147155794e-03
6.453073416196275502e-03 6.247975416978200462e-03
6.365017299685860053e-03 6.797141853968302790e-03
6.489796363894129172e-03 6.672991323471069020e-03
6.349664716253755614e-03 6.424707341194152779e-03
6.335051308269612491e-03 5.982582831382751883e-03
6.304543538135476410e-03 6.571037745475768847e-03
6.212555643287487328e-03 6.073373170693715205e-03
6.296291885519167408e-03 6.651243766148885045e-03
6.301905996224377304e-03 5.745458598931630148e-03
6.213262648088857532e-03 5.752772597471872938e-03
6.156295650725951418e-03 5.598124988873800015e-03
6.137942782515892759e-03 6.289411254723866959e-03
6.069413775549037382e-03 6.491429078578948852e-03
5.928474114625714719e-03 6.772751661141713890e-03
5.924732409766875207e-03 5.697556626796722486e-03
5.890477506909519434e-03 5.606849972407023514e-03
5.926099231146508828e-03 6.867358696460723784e-03
5.979533507343148813e-03 5.804086947441101235e-03
5.803274900245014578e-03 5.538771120707193865e-03
5.904975325393024832e-03 7.276720233758290912e-03
5.831173650221899152e-03 5.542382852236430076e-03
5.863979920832207426e-03 5.757956051826476976e-03
5.986493386444635689e-03 6.241756300131479779e-03
5.795483972178772092e-03 5.540349741776784062e-03
5.941435159911634400e-03 5.939095552762349052e-03
5.773958571808179840e-03 6.413364156087239878e-03
5.716170111554674804e-03 5.577371390660603931e-03
5.707115265977336094e-03 5.520732537905375173e-03
5.665435768605675548e-03 6.826394748687744131e-03
5.629696734104072675e-03 5.303633173306783292e-03
5.648830891004763544e-03 5.492328663667042643e-03
5.790381568658631295e-03 5.349263119697571234e-03
5.525311520614195615e-03 6.436218086878458915e-03
5.567648724536411464e-03 5.258465719223022646e-03
5.700286154024070129e-03 5.231348232428233158e-03
5.535894939384888858e-03 5.946234881877899593e-03
5.525133619812550023e-03 5.129510855674744053e-03
5.499561622855253518e-03 5.293957897027333666e-03
5.524043637706199661e-03 5.617831075191498207e-03
5.532061353733297437e-03 5.275387426217396751e-03
5.453107827634084970e-03 5.253655596574147157e-03
5.532402585231466219e-03 5.322216153144836495e-03
5.402651764597976580e-03 5.545693786938985306e-03
5.424556682555703446e-03 5.111729693412780939e-03
5.312536795827327296e-03 5.259437294801076399e-03
5.378885511163389310e-03 4.911272223790486523e-03
5.280795721773756668e-03 5.259869225819905660e-03
5.228377354796975851e-03 5.751893881956736052e-03
5.307570991135435179e-03 5.099890514214833193e-03
5.200006991799455136e-03 5.859704518318176007e-03
5.195478748646564782e-03 5.252705190579096649e-03
5.219742866756860167e-03 5.284198216597238776e-03
5.106307547976030037e-03 5.125835776329040576e-03
5.149863856786396354e-03 5.209553349018096989e-03
5.117574735777452588e-03 5.239682904879252104e-03
5.105135151097783819e-03 4.863065564632416092e-03
5.141369176271837205e-03 5.364308667182922548e-03
5.109783476655138656e-03 5.087361093362172473e-03
4.947989171341760084e-03 4.801095986366271662e-03
4.918678834656020626e-03 5.288033515214920349e-03
4.943275616824394092e-03 4.966119587421416806e-03
5.019735406676772982e-03 5.087707908948262484e-03
4.894812769634881988e-03 4.866063092152277461e-03
4.892143353572464548e-03 4.765408134460449342e-03
4.924460186884971336e-03 4.642196416854858267e-03
4.817810939130140468e-03 4.867280681927999182e-03
4.879222560703055933e-03 4.843140097459157183e-03
4.899681040114955977e-03 4.728036387761433770e-03
4.784047494467813522e-03 4.682731131712595564e-03
4.678121480537811294e-03 4.686723065376281923e-03
4.732166522444458678e-03 4.987823359171549877e-03
4.821991102289757691e-03 5.150881346066792793e-03
4.753708297357661650e-03 4.693280853827794252e-03
4.796939962034230120e-03 4.685354574521382806e-03
4.634566354070557281e-03 4.551995666821797952e-03
4.774236549565102905e-03 4.608037849267323724e-03
4.651233195545501076e-03 4.988744413852691517e-03
4.764430186696699820e-03 4.678911081949869641e-03
4.671270115068182349e-03 4.533147943019866580e-03
4.522006071056239307e-03 4.899989533424377146e-03
4.620562698619323783e-03 4.614382390181223474e-03
4.541856711512082256e-03 4.599007030328114594e-03
4.544674980934360065e-03 4.524054650465647066e-03
4.550336481770500541e-03 4.520839850107829204e-03
4.463943700102390721e-03 4.385301073392231831e-03
4.553182114250375889e-03 4.464951084057490124e-03
4.388902018035878427e-03 4.245330270131428795e-03
4.517541206951136701e-03 4.529635469118753997e-03
4.506973235038458370e-03 4.539239700635274224e-03
4.409895016578957438e-03 4.284612814585368051e-03
4.378722873298102058e-03 4.672115051746368597e-03
4.450664544492610730e-03 4.294628000259399260e-03
4.433003850863315165e-03 4.311335279544194557e-03
4.371605076812556945e-03 4.463236568371454702e-03
4.321809376051533036e-03 4.685030146439870397e-03
4.356216324595152400e-03 4.354400392373403324e-03
4.257137083186535165e-03 4.227068247397740806e-03
4.294815058528911322e-03 4.265793869892756281e-03
4.186969670627149753e-03 4.104715613524118761e-03
4.180769561571651138e-03 4.562689018249512125e-03
4.189705918179242872e-03 4.203535330295563033e-03
4.140061611906276084e-03 4.051999608675639110e-03
4.265834197212825529e-03 4.198982246716817524e-03
4.117307078558951616e-03 4.170036647717157915e-03
4.137056179388309829e-03 3.989666414260864546e-03
4.084135824086843058e-03 4.080375190575917695e-03
4.066046503794495948e-03 3.991981464624405271e-03
4.070633869559969753e-03 4.160916280746459681e-03
4.119735684071201831e-03 3.989361963669458763e-03
4.106700242118677124e-03 4.253513062000274271e-03
4.002649589892826043e-03 4.023582255840301575e-03
4.095429425433394499e-03 4.136658215522765955e-03
4.020689555545686744e-03 4.005965491135915144e-03
4.023361521831247956e-03 3.958482541640599706e-03
4.034327786939684302e-03 3.938168040911356471e-03
3.939527950933552347e-03 3.912121709187825827e-03
3.964204413932748139e-03 3.922098354498545700e-03
3.944224768929416314e-03 4.238018296162287049e-03
3.937831124858348630e-03 3.815204840898514006e-03
3.900608349795220420e-03 3.898621330658594807e-03
3.851622490401496179e-03 3.982233299811681511e-03
3.884030238623381592e-03 3.957247720162073747e-03
3.826921476502320729e-03 3.933331215381622240e-03
3.872331089951330796e-03 3.906914788484573686e-03
3.885024199917097576e-03 4.049488232533137236e-03
3.812367474893108010e-03 3.873866271972656317e-03
3.843965228952583857e-03 3.787191987037658719e-03
3.841404093691380695e-03 3.791494139035542915e-03
3.855040738926618360e-03 3.818323260545730593e-03
3.784551208809716627e-03 3.966616235176721912e-03
3.773132519199862145e-03 3.871066772937774812e-03
3.847282876449753530e-03 4.194340282678604009e-03
3.789203756241477095e-03 3.800154745578765859e-03
3.766670415643602610e-03 3.790302870670954338e-03
3.754826948352274485e-03 3.789633566141128486e-03
3.719853379152482376e-03 3.797680236895879108e-03
3.706778139530797489e-03 3.695320594310760529e-03
3.758319689950440079e-03 3.737451980511347603e-03
3.680954332594410516e-03 3.717207602659861401e-03
3.677559243442374282e-03 3.725196027755737441e-03
3.684743765916209668e-03 3.729703954855600849e-03
3.641287132268189453e-03 3.784549971421559845e-03
3.661012307929922827e-03 3.684844533602396697e-03
3.655849011920508929e-03 3.885389629999796632e-03
3.682561633468139917e-03 3.639970805247624841e-03
3.645608292572433129e-03 3.755364914735158464e-03
3.628211403338355012e-03 3.761532332499822103e-03
3.614236256908043288e-03 3.702337376276652187e-03
3.604684496167465113e-03 3.611101696888605658e-03
3.593927329347934574e-03 3.620523595809936601e-03
3.604592842748388648e-03 3.649277456601460884e-03
3.605165395129006356e-03 3.642278073231379389e-03
3.584296013286802918e-03 3.583689004182815697e-03
3.542319125699577853e-03 3.650711097319920845e-03
3.545604504324728623e-03 3.660704733928044508e-03
3.548444767147884704e-03 3.572034432490666517e-03
3.520672580634709448e-03 3.557591207822163697e-03
3.507634211928234436e-03 3.601619633038838711e-03
3.532520549924811348e-03 3.612429024775822787e-03
3.516156682962900959e-03 3.550686488548914378e-03
3.521490867569809780e-03 3.538525724411010608e-03
3.514079906381084584e-03 3.550057282050450829e-03
3.527539602146134712e-03 3.539141251643498562e-03
3.482530606561340392e-03 3.548855998118718384e-03
3.499314370856154710e-03 3.527500124772389722e-03
3.460963464021915570e-03 3.540943906704584632e-03
3.497789210086921230e-03 3.524645211299260502e-03
3.489726621410227381e-03 3.522336890300114924e-03
3.476435833363211714e-03 3.519734881321589116e-03
3.442464412728440948e-03 3.531719519694646262e-03
3.493841337331105024e-03 3.525336436430613011e-03
3.472862903436180204e-03 3.511219054460525384e-03
3.478680942862411030e-03 3.512619928518931258e-03
3.471110230748308823e-03 3.510541307926177881e-03
3.477984997516614385e-03 3.510698711872100794e-03
3.437916697293985635e-03 3.509067310889562186e-03
3.443260211497545242e-03 3.513570161660512382e-03
3.456623553574900143e-03 3.498777965704599844e-03
3.456057784205768257e-03 3.497238322099049859e-03
3.455258274698280729e-03 3.504391558965047355e-03
3.454892792433383875e-03 3.503350156545638992e-03
