3.572441738843917802e-02 3.614848995208740090e-02
3.554109340906143333e-02 3.586851644515991200e-02
3.326099923253059143e-02 2.947826075553893962e-02
1.706938062608242060e-02 8.524078011512756931e-03
3.805223006755113768e-03 1.436049640178680472e-03
1.352059422060847282e-03 1.189448431134223876e-03
1.148029202595353101e-03 1.158966705203056313e-03
1.262470446527004303e-03 1.149130105972290131e-03
1.101326527073979425e-03 9.522636458277702366e-04
9.659268436953425199e-04 8.233353272080421456e-04
8.133484479039907854e-04 6.683253347873687215e-04
6.741225123405456205e-04 5.734963603317738039e-04
5.418206462636589475e-04 8.142026215791702774e-04
4.512569447979331168e-04 4.497740827500820216e-04
6.056642318144440582e-04 6.445202529430388988e-04
5.944480160251260211e-04 3.553833402693271689e-04
6.843951486516743803e-04 1.259559482336044308e-03
1.311440145131200549e-03 4.031767770648002455e-04
1.457666621077805761e-03 7.035929337143898314e-04
6.287583471275866439e-04 5.048022344708442662e-04
5.549118085764348117e-04 5.099581554532051303e-04
3.658518663141876407e-04 3.564155586063861994e-04
3.814306920394301410e-04 3.220520503818988744e-04
5.246515048202127609e-04 9.748611375689506323e-04
7.790161911398171867e-04 4.588489383459090935e-04
7.678976575843989580e-04 5.361870229244232455e-04
4.796052323654293880e-04 6.128241568803786824e-04
3.067140672355890356e-04 2.659968771040439688e-04
2.391458372585475553e-04 2.409563865512609590e-04
2.289254732895642456e-04 3.507552556693553820e-04
3.183893475215881976e-04 2.874998487532139037e-04
2.023302852176129781e-04 2.261318247765302695e-04
2.366416733711957981e-04 2.303494140505790602e-04
2.067231449764221900e-04 1.842481121420860379e-04
1.833356092683970920e-04 1.738978251814842109e-04
1.628977918298915139e-04 2.974067777395248595e-04
1.820579995401203587e-04 1.707715019583701959e-04
1.651557929581031240e-04 1.674115788191557052e-04
1.528713784646242848e-04 1.623658072203397874e-04
4.034049708861857397e-04 4.380370490252971758e-04
3.275710688903927647e-04 3.907410539686679727e-04
2.564911514054984032e-04 2.584638465195894064e-04
3.760833565611392134e-04 3.557006567716598702e-04
2.224188672844320668e-04 1.695725340396165876e-04
1.536473353626206502e-04 1.564470864832401265e-04
1.443975648144260170e-04 1.494341362267732627e-04
1.424948323983699127e-04 1.577066704630851674e-04
1.411696803988888855e-04 1.501441327854990992e-04
1.392123302211984977e-04 1.483101323246955748e-04
1.378886038437485682e-04 1.479628924280405010e-04
