2.540695184469223022e+01 2.528951031494140622e+01
2.563539296388626099e+01 2.528737635803222616e+01
2.550169622898101807e+01 2.528480752563476486e+01
2.548409867286682129e+01 2.528157615661621094e+01
2.549210262298583984e+01 2.527732397460937364e+01
2.525536495447158813e+01 2.527182276916503767e+01
2.548025923967361450e+01 2.526478457641601594e+01
2.551266443729400635e+01 2.525592886352539068e+01
2.513024872541427612e+01 2.524497232055664142e+01
2.584768557548522949e+01 2.523169956970214756e+01
2.546867865324020386e+01 2.521457818603515477e+01
2.497912633419036865e+01 2.519268998718261798e+01
2.573062646389007568e+01 2.513558685302734474e+01
2.511727613210678101e+01 2.506384654235839804e+01
2.466423779726028442e+01 2.494187936401367267e+01
2.512543123960494995e+01 2.471123582458496060e+01
2.459445494413375854e+01 2.425935336303711054e+01
2.444264954328536987e+01 2.285214088439941449e+01
2.163989996910095215e+01 1.896639170837402233e+01
1.514681431651115417e+01 1.101497827911376959e+01
7.721167013049125671e+00 5.021293495178222877e+00
3.800718210637569427e+00 2.986628005981445177e+00
2.725210838019847870e+00 2.528524387359619041e+00
2.377280272543430328e+00 2.430879230499267685e+00
2.346889637410640717e+00 2.417372104644775366e+00
2.475865989923477173e+00 2.410006811141967908e+00
2.364144999533891678e+00 2.414076801300048647e+00
2.360198318958282471e+00 2.405734670639037898e+00
2.433528624475002289e+00 2.406813736915588198e+00
2.297757174819707870e+00 2.421706806182861271e+00
2.370594549924135208e+00 2.405352666854858601e+00
2.461419161409139633e+00 2.408535748481750449e+00
2.361738659441471100e+00 2.405834897994995281e+00
2.429261405020952225e+00 2.405548393249511641e+00
2.487071413546800613e+00 2.405248333930969373e+00
2.442801266908645630e+00 2.407397514343261768e+00
2.331997256726026535e+00 2.415949106216430664e+00
2.414848700165748596e+00 2.405775341033935533e+00
2.394709736108779907e+00 2.406928501129150355e+00
2.331025619059801102e+00 2.405923967361450089e+00
2.385087206959724426e+00 2.406018762588500781e+00
2.318610094487667084e+00 2.407866767883300785e+00
2.370897129178047180e+00 2.412384878158569279e+00
2.424740336835384369e+00 2.405818121910095364e+00
2.370692815631628036e+00 2.411450325012207241e+00
2.296770773828029633e+00 2.406021804809570508e+00
2.539427477866411209e+00 2.407629103183746455e+00
2.460741512477397919e+00 2.412725025177001825e+00
2.229710761457681656e+00 2.408679931640624883e+00
2.359759345650672913e+00 2.408283058166504009e+00
2.300313279032707214e+00 2.405236408233642376e+00
2.313040155917406082e+00 2.405294779777527037e+00
2.253742832690477371e+00 2.411312511444091644e+00
2.454834572970867157e+00 2.419827640533447344e+00
2.377328116446733475e+00 2.406051037788391245e+00
2.348791174590587616e+00 2.405779853820800618e+00
2.511356152594089508e+00 2.405327498435974043e+00
2.244572430849075317e+00 2.431176629066467143e+00
2.321842998266220093e+00 2.415432663917541412e+00
2.488213833421468735e+00 2.405232044219970611e+00
2.319503124803304672e+00 2.405391194343566852e+00
2.511100333184003830e+00 2.424694557189941424e+00
2.332784917205572128e+00 2.405535882949829229e+00
2.374841321259737015e+00 2.405706586837768501e+00
2.442967068403959274e+00 2.405279863357543846e+00
2.364482618868350983e+00 2.405316967010497908e+00
2.337845820933580399e+00 2.409133438110351744e+00
2.513379145413637161e+00 2.405441101074218935e+00
2.409627016633749008e+00 2.408729263305664059e+00
2.274828001856803894e+00 2.405312084197998246e+00
2.332243993878364563e+00 2.414235130310058430e+00
2.299367051571607590e+00 2.406245752334594812e+00
2.436426270753145218e+00 2.413534726619720239e+00
2.444263573735952377e+00 2.413534494400024322e+00
2.352248732000589371e+00 2.406675876617431431e+00
2.496077913790941238e+00 2.405437988281250217e+00
2.341146491467952728e+00 2.406377670288085913e+00
2.378010518848896027e+00 2.405812462806701468e+00
2.374076738953590393e+00 2.405695973396301479e+00
2.419999856501817703e+00 2.405264438629150181e+00
2.366807434707880020e+00 2.405406463623046776e+00
2.297421496361494064e+00 2.405302413940429762e+00
2.438372269272804260e+00 2.405544668674469033e+00
2.361189797520637512e+00 2.406187484741210802e+00
2.411088477820158005e+00 2.405323308944702365e+00
2.384848181158304214e+00 2.405352797508239604e+00
2.417930919677019119e+00 2.405309760093688798e+00
2.433177128434181213e+00 2.405375455856323175e+00
2.374423339962959290e+00 2.405353193283080948e+00
2.439081337302923203e+00 2.405281841278076094e+00
2.358889587223529816e+00 2.405271083831787227e+00
2.352610923349857330e+00 2.405264375686645639e+00
2.452889088541269302e+00 2.405265162467956408e+00
2.216060638427734375e+00 2.405324144363403249e+00
2.286322705447673798e+00 2.405322811126708871e+00
2.319679722189903259e+00 2.405326128005981445e+00
2.347865063697099686e+00 2.405324171066284045e+00
2.371005654335021973e+00 2.405326181411743036e+00
2.390163388103246689e+00 2.405326168060302638e+00
2.317417796701192856e+00 2.405326166152954137e+00
