3.576476377248764132e-02 3.641482114791869812e-02
3.574154853820801087e-02 3.645757865905761841e-02
3.567100673913956022e-02 3.634880352020263689e-02
3.554608792066574208e-02 3.610308218002319242e-02
3.510174489021301164e-02 3.521648454666137518e-02
3.083378133177757177e-02 2.288652443885803162e-02
1.473019322752952553e-02 1.143017029762267989e-02
1.083200666308403032e-02 1.060143816471099780e-02
1.067615313827991429e-02 1.061102950572967614e-02
1.070080617070198054e-02 1.060068702697753926e-02
1.071099023520946485e-02 1.068912088871002211e-02
1.071365463733673154e-02 1.057322692871093782e-02
1.070054750144481745e-02 1.056902790069580086e-02
1.069299252331256875e-02 1.069046461582183818e-02
1.071372817456722228e-02 1.059446334838867222e-02
1.071294938027858752e-02 1.072488021850586011e-02
1.071639744937419834e-02 1.054450583457946719e-02
1.069125469028949817e-02 1.054932355880737298e-02
1.070131628215312963e-02 1.059017097949981751e-02
1.071367134153842875e-02 1.059618389606475745e-02
1.071907392144203115e-02 1.061288595199584919e-02
1.070861373841762616e-02 1.061283838748931958e-02
1.070421937108039824e-02 1.058322453498840299e-02
1.069870339334011086e-02 1.063429141044616721e-02
1.071931755542755195e-02 1.058540999889373731e-02
1.069055190682411186e-02 1.065432846546173103e-02
1.069123001396656003e-02 1.054377782344818187e-02
1.068906067311763824e-02 1.057112562656402528e-02
1.071045605838298782e-02 1.061629056930541923e-02
1.071474066376686129e-02 1.061289739608764666e-02
1.070147910714149518e-02 1.057113659381866445e-02
1.070807230472564653e-02 1.058769607543945390e-02
1.070102733373641882e-02 1.056503963470458926e-02
1.067406137287616776e-02 1.056432378292083800e-02
1.069003315269947095e-02 1.058551681041717575e-02
1.069658173620700869e-02 1.058853614330291723e-02
1.069080887734889969e-02 1.057322847843170099e-02
1.069711969792842832e-02 1.056190931797027638e-02
1.068474651873111726e-02 1.057678020000457804e-02
1.069050559401512127e-02 1.056745672225952067e-02
1.069493739306926795e-02 1.054527163505554130e-02
1.067861440777778670e-02 1.060338461399078398e-02
1.066891129314899433e-02 1.056397044658660862e-02
1.068937501311302204e-02 1.058990216255187994e-02
1.067716883122920950e-02 1.059621417522430345e-02
1.067645503580570178e-02 1.055828809738159138e-02
1.067505761981010423e-02 1.058285629749298150e-02
1.067974191904067990e-02 1.056121039390564044e-02
1.068782870471477429e-02 1.058875393867492708e-02
1.068011017143726329e-02 1.057016634941101117e-02
