5.286125073325820267e-02 5.202615199959836900e-02
4.970976023469120264e-02 4.633333443780429661e-02
4.067152223433367908e-02 3.449766093399375677e-02
3.005725835100747645e-02 2.639688232738990337e-02
2.374377382511738688e-02 2.089162221818696707e-02
1.856259450141806155e-02 1.628288867505034432e-02
1.400809342885622755e-02 1.177957491017878056e-02
1.016660124878399074e-02 8.547809804440476000e-03
7.374739619990577921e-03 6.702842016238719225e-03
6.575848274223972112e-03 6.467118149885209277e-03
6.544852058141259477e-03 6.491446121799526736e-03
6.555894466146128252e-03 6.361445510265184566e-03
6.420975500077474862e-03 6.381929899362148717e-03
6.383101143001113087e-03 6.369146332872333005e-03
6.393166473571909592e-03 6.408625380572630093e-03
6.360715964547125623e-03 6.329506766633130610e-03
6.365591230860445648e-03 6.305633283773204312e-03
6.267029508308041841e-03 6.185778005601605400e-03
6.112156956078251824e-03 5.857628169906092808e-03
5.675017629982903600e-03 5.332582881237613037e-03
4.673411183830467053e-03 4.057384698171517812e-03
3.979693061410216615e-03 3.944484469684539363e-03
3.883230596329667605e-03 3.990137429354945198e-03
3.820971382083371282e-03 3.927281770302215591e-03
3.748545959751936607e-03 3.708778764121234417e-03
3.672490343888057396e-03 3.508911358949262649e-03
3.587512648664414883e-03 3.414843540667789057e-03
3.620052781116100959e-03 3.563132446288364008e-03
3.552951382516766898e-03 3.569180929844151251e-03
3.555950141162611544e-03 3.473003578619682230e-03
3.548122540451004170e-03 3.521817328874021769e-03
3.514152462230413221e-03 3.496463434203178622e-03
3.422969146413379349e-03 3.271276214945828542e-03
3.586022765375673771e-03 3.457241806245292537e-03
3.413563399590202607e-03 3.443078509008046240e-03
3.383081491847406141e-03 3.522628599966992624e-03
3.419065145862987265e-03 3.233440011172206141e-03
3.500489987345645204e-03 3.184431407134979963e-03
3.429994012549286708e-03 3.214901113096857443e-03
3.453675986747839488e-03 3.274260187026811764e-03
3.413842590816784650e-03 3.960690022722701542e-03
3.349296977830817923e-03 3.296884757219231687e-03
3.325367837533121929e-03 3.292825766038731672e-03
3.343077587487641722e-03 3.207178133379784413e-03
3.442455123149557039e-03 3.230200782127212733e-03
3.287608327809721231e-03 3.220663293177494779e-03
3.312916245704400353e-03 3.041660582312033512e-03
3.350176746607758105e-03 3.144699478070833720e-03
3.416109055251581594e-03 3.300135427707573399e-03
3.326440843011368997e-03 3.230744337997748516e-03
3.290466805992764421e-03 3.135065351671073586e-03
3.282707310063415207e-03 3.357257210154784843e-03
3.239884412323590368e-03 3.901080190189532004e-03
3.293373305496061221e-03 3.282265397501760162e-03
3.248404549594852142e-03 3.207524203389766626e-03
3.213081534340744838e-03 3.141312272418872453e-03
3.262490730776335113e-03 3.343966413012822159e-03
3.195188346580835059e-03 3.038504406504216604e-03
3.240985841330257244e-03 3.053152200664044358e-03
3.193471446138573810e-03 3.097577584412647411e-03
3.243778213800396770e-03 3.063006324737216346e-03
3.209337621228769422e-03 3.332512125780340284e-03
3.168633584209601395e-03 3.018138106199330650e-03
3.187398331647273153e-03 3.035689076568814926e-03
3.131532492261612788e-03 3.020755617399117909e-03
3.139595306492992677e-03 3.038688841115799733e-03
3.188638555002398789e-03 3.042589762117131613e-03
3.135318931526853703e-03 3.240225678382557817e-03
3.155496920953737572e-03 3.070574914090684615e-03
3.039635086679481901e-03 3.017073642695322633e-03
3.135359977022744715e-03 2.986021911056013778e-03
3.054037062611314468e-03 3.103503542661201209e-03
3.037934968233457766e-03 2.839773032974335365e-03
3.110926023509819061e-03 3.149018280964810401e-03
3.168193115925532766e-03 3.068266652917372994e-03
3.098168699580128305e-03 2.912058744186651893e-03
3.038004471818567254e-03 2.930859694970422424e-03
3.019081690581515431e-03 2.948493229268933646e-03
3.019968362423242070e-03 2.923540330812102184e-03
3.043797967620776035e-03 2.921688232163432986e-03
2.968970366055145860e-03 2.875877220503753051e-03
2.982910707942210138e-03 3.241329153752303682e-03
2.990964654600247741e-03 3.018541945493780077e-03
2.979772034450434148e-03 2.961037367640528828e-03
2.922933957961504348e-03 2.949275065475376323e-03
2.918383150245063007e-03 2.925590080849360675e-03
3.059544293137150817e-03 2.853781361409346573e-03
2.891576943511608988e-03 2.875256692277616821e-03
2.902443075072369538e-03 2.817003271047724411e-03
2.874958297979901545e-03 2.875841919376398437e-03
2.888808852731017396e-03 3.936657967642531730e-03
2.891378266212996095e-03 2.709707167014130391e-03
2.883212891902076080e-03 2.812557413562899455e-03
2.866157874450436793e-03 2.706385723286075518e-03
2.861941909941378981e-03 2.914887392762466334e-03
2.975268391310237348e-03 2.784754371532471851e-03
2.821106647388660349e-03 2.662290338776074350e-03
2.807112947266432457e-03 2.864405270884162746e-03
2.786471284707658924e-03 2.775410130197997205e-03
2.846997293090680614e-03 2.735736719841952436e-03
2.807300257700262591e-03 2.870743384846718982e-03
2.811036278217216022e-03 2.749152305113966577e-03
2.871182890885393135e-03 2.716151862841797993e-03
2.746955398833961226e-03 2.825533059876761399e-03
2.748724589764606208e-03 2.853432748452178203e-03
2.741232909102109261e-03 2.598701134047587402e-03
2.771567929812590592e-03 2.585228827229002491e-03
2.726860828261123970e-03 3.190663521309033968e-03
2.719627676924574189e-03 2.689332441150327213e-03
2.754213654043269344e-03 2.649804424436297268e-03
2.770817438431549817e-03 3.088397099418216385e-03
2.726559510847437195e-03 2.627714757181820460e-03
2.691859324841061607e-03 2.788432953821029514e-03
2.665394478754024021e-03 2.629700335091911256e-03
2.682834066945360973e-03 2.597451821202412248e-03
2.655650328961201012e-03 2.681383037270279601e-03
2.681553101865574718e-03 2.483850315911695361e-03
2.588765878499543760e-03 2.489297517968225293e-03
2.645348047735751607e-03 2.512552409825730138e-03
2.611148984215105884e-03 2.479156270055682398e-03
2.607987744340789504e-03 2.576813190898974426e-03
2.581233964519924484e-03 2.516200489480979741e-03
2.656095433849259280e-03 2.409123432698834222e-03
2.553580397943733260e-03 2.548407413996756077e-03
2.582568373327376321e-03 2.523451415981980972e-03
2.531437969082617201e-03 2.373874368458928075e-03
2.544528757425723597e-03 2.556228582761832513e-03
2.566935991126229055e-03 2.469955863489303738e-03
2.506608065232285298e-03 2.462312497300445102e-03
2.508254819986177608e-03 2.621270850795553997e-03
2.465636021952377632e-03 2.619591617985861376e-03
2.502711041415750515e-03 2.514119294573902152e-03
2.452594540955033153e-03 2.410469688584271353e-03
2.433273088172427379e-03 2.643677576998015866e-03
2.466598150931531563e-03 2.613704362374846824e-03
2.407176729320781305e-03 2.377208504185546190e-03
2.427468602036242373e-03 2.426115539492457174e-03
2.453788738421280868e-03 2.335882524675980676e-03
2.407883835985558107e-03 2.375289455812890083e-03
2.397906412625161465e-03 2.299872391631652135e-03
2.355102777983120177e-03 2.347065945286885835e-03
2.380600397373200394e-03 2.403527110800496303e-03
2.392218725617567543e-03 2.389695923739054706e-03
2.344541486309026368e-03 2.733551882556639612e-03
2.396640070401190314e-03 2.272959262882068288e-03
2.336972489501931705e-03 2.310988194949459285e-03
2.342270934605039656e-03 2.384460221946937963e-03
2.290414339768176433e-03 2.218221879047632683e-03
2.314193391612207051e-03 2.244032619273639284e-03
2.319031811566674151e-03 2.282095348164148163e-03
2.254562345115118660e-03 2.257951969113491941e-03
2.286021157487994060e-03 2.303855555510381237e-03
2.281716613651951775e-03 2.274125910844304599e-03
2.235416955045366194e-03 2.147086443073931150e-03
2.267175962515466381e-03 2.189566936976916622e-03
2.251948210869159084e-03 2.212774144027207512e-03
2.226596137916203588e-03 2.365018975979182869e-03
2.206055688475316856e-03 2.070226965770416427e-03
2.168975667700578924e-03 2.339460224902722985e-03
2.158365996365319006e-03 2.083203314214188140e-03
2.188658300838142168e-03 2.301203247043304145e-03
2.188477865274762735e-03 2.108228156430413947e-03
2.213405040492943954e-03 2.162803854844241869e-03
2.192138949794752989e-03 2.153386986719851848e-03
2.121710950632405002e-03 2.080354764075309504e-03
2.109618993927142583e-03 2.041727640062163118e-03
2.099613032441993710e-03 2.168138818888110109e-03
2.097281221722369082e-03 2.019873513745551463e-03
2.109262056364968885e-03 2.119078259056550451e-03
2.110333680320763960e-03 2.127490683960786555e-03
2.102061234836583026e-03 2.032251445598376449e-03
2.069252911496732850e-03 2.078309699754754547e-03
2.063757618998351973e-03 1.979223225134774111e-03
2.106038446072489023e-03 1.969738656043773517e-03
2.044172919340780936e-03 2.043456483079353347e-03
2.045325506514927838e-03 1.986918635338952299e-03
2.019136367380269803e-03 2.035012717897188850e-03
2.021048630922450684e-03 1.907781079353298992e-03
1.997921236579713877e-03 2.055918861515237950e-03
2.020386009462526999e-03 1.925534879774204455e-03
1.969119934983609710e-03 1.931500361024518497e-03
1.943833712175546680e-03 1.978597477318544406e-03
1.971523578504275065e-03 2.000578274419240188e-03
1.963714275007077958e-03 1.883454192466160748e-03
1.948446343703835737e-03 1.916037684168259148e-03
1.921317402775457595e-03 2.061398920886858832e-03
1.908600533170101698e-03 1.907967014631140046e-03
1.900954648590413854e-03 1.887880403046438005e-03
1.897303734949673526e-03 1.873859498118690681e-03
1.909742298266792204e-03 1.851826923484622966e-03
1.896466026664711535e-03 1.862166690443700645e-03
1.885061606117233168e-03 1.899272592709166929e-03
1.887587894088937901e-03 1.815039933717343956e-03
1.858959398305159993e-03 1.901202374028798658e-03
1.829756287406780757e-03 1.814023242332041264e-03
1.844629072365933098e-03 1.817083811147313099e-03
1.841663548475480638e-03 1.890760041533212643e-03
1.831778908126580063e-03 1.817893868064857088e-03
1.812947895814431831e-03 1.850219428888522089e-03
1.849547451456601266e-03 1.844991459620359819e-03
1.843329037001240067e-03 1.775589668795873877e-03
1.782817731509567238e-03 1.766631114151095971e-03
1.820150052481039893e-03 1.840654193983937148e-03
1.805173624234157614e-03 1.855999539657204878e-03
1.814983753320120741e-03 1.782690294021449517e-03
1.786490513040916994e-03 1.775308832293376327e-03
1.786765227734576911e-03 1.763687360835319851e-03
1.752415957525954582e-03 1.758917407642002217e-03
1.788153180314111523e-03 1.782229675882263109e-03
1.758837527631840203e-03 1.835135401961451862e-03
1.762753627190249972e-03 1.729111786517023575e-03
1.729010676172038075e-03 1.724939431369421072e-03
1.745838921124232002e-03 1.719384733405604493e-03
1.731372441099665593e-03 1.705774938272952568e-03
1.734775350087147672e-03 1.730256549308251124e-03
1.722262545627017971e-03 1.716716553346486762e-03
1.756184582518471871e-03 1.743024174174934160e-03
1.733467428493895568e-03 1.751917170622618869e-03
1.722620184409606736e-03 1.698528183624148369e-03
1.714684718535863794e-03 1.685340023868775461e-03
1.684147538071556482e-03 1.677726068010088056e-03
1.691228790150489658e-03 1.674754404120903928e-03
1.701715505078027491e-03 1.735615429424797185e-03
1.691952875262359157e-03 1.682724786405742634e-03
1.695187955192523077e-03 1.732273017296392936e-03
1.688980361905123573e-03 1.717052252388384659e-03
1.686582368165545631e-03 1.673507982559385709e-03
1.700650735074304976e-03 1.669873204264149535e-03
1.679270221757178660e-03 1.657426358178781811e-03
1.672099179813812952e-03 1.662626198594807647e-03
1.674041371188650373e-03 1.658341065194690600e-03
1.665632573349284939e-03 1.661530557612422854e-03
1.666396739892661572e-03 1.647875126764120068e-03
1.676544759902753867e-03 1.648197925533168018e-03
1.640082031372003257e-03 1.641422222746768966e-03
1.657632424212351907e-03 1.638335098505194765e-03
1.663050070419558324e-03 1.656421950428921264e-03
1.639363107642566320e-03 1.639498423173790798e-03
1.633124524232698604e-03 1.634093281609239057e-03
1.644524485527654178e-03 1.642812291720474605e-03
1.656820101743505802e-03 1.639232466914108954e-03
1.645367791752505582e-03 1.635399147744465154e-03
1.660613063904747833e-03 1.642078929762647022e-03
1.642195358726894483e-03 1.639240904296457302e-03
1.647191561460203957e-03 1.634789652598556131e-03
1.641182321691303514e-03 1.643422433517116588e-03
1.628538903787557501e-03 1.632555482501629740e-03
1.632808643989847042e-03 1.633229137041780632e-03
1.642610135604627430e-03 1.632515355595387518e-03
1.636770391087338794e-03 1.632926609090645798e-03
