4.177904519019648433e-02 4.102234973106533289e-02
3.914198136772029102e-02 3.613217489328235388e-02
2.910985839844215661e-02 1.937757710402365774e-02
1.448228772642323747e-02 1.199467609694693238e-02
1.076194009510800242e-02 1.007150336226914078e-02
1.000385938095860183e-02 9.962815100152511150e-03
9.902399782731663436e-03 9.891469780995976180e-03
9.914369620673824102e-03 9.898158008581958711e-03
9.919570773490704596e-03 9.907009640301112086e-03
9.512998563877772540e-03 8.057056493271375075e-03
5.301668885294930078e-03 3.081394635955803096e-03
3.035044645002926700e-03 2.973933917019166984e-03
2.960786365292733535e-03 2.929225855041295290e-03
2.908425649366108701e-03 2.963259603347978555e-03
2.915515195127227344e-03 2.962091248264187016e-03
2.947696686533163302e-03 2.871806920666131191e-03
2.834074284692178480e-03 2.855875267414376140e-03
2.887414220822392963e-03 2.826970032401732169e-03
2.838905158569104970e-03 2.854626221960643306e-03
2.790041162370471284e-03 2.887599513996974565e-03
2.811834834574256092e-03 2.809473051456734538e-03
2.747877497313311324e-03 2.879322826629504561e-03
2.832743439284968190e-03 2.742735914580407552e-03
2.776310697299777530e-03 2.694889202757622115e-03
2.702354857319733128e-03 2.743718308920506388e-03
2.690085846552392468e-03 2.813330498611321673e-03
2.672449258170672692e-03 2.633596695886808448e-03
2.615509098177426495e-03 2.582547418569447473e-03
2.578298761363839731e-03 2.876943175579071976e-03
2.635142676808754914e-03 2.564918839198071510e-03
2.577561463112942874e-03 2.515591379960824270e-03
2.509655103494878858e-03 2.475693152518942952e-03
2.565088090705103241e-03 2.504979196601198055e-03
2.536223253628122620e-03 2.554989288910292089e-03
2.491715336873312481e-03 2.450340954965213314e-03
2.431208594316558447e-03 2.335370255423185881e-03
2.406413538665219676e-03 2.310203664819709957e-03
2.430696104056551121e-03 2.379287954681785777e-03
2.437636212562210858e-03 2.345591515222622547e-03
2.394679074313899036e-03 2.596044389065355062e-03
2.378649708589364309e-03 2.276426243042806163e-03
2.388657987467013299e-03 2.252930367831140757e-03
2.384462090049055405e-03 2.346342065720818937e-03
2.350988927901198622e-03 2.550535493355710059e-03
2.304861486663867254e-03 2.431578197501949035e-03
2.348479183638119139e-03 2.348120799069874920e-03
2.398009632997855078e-03 2.314030501111119520e-03
2.302394567777810153e-03 2.157237942810752429e-03
2.215646334661869332e-03 2.486253275492344983e-03
2.230175076874729712e-03 2.072666151434532367e-03
2.219069531747663859e-03 2.098517717058712151e-03
2.219885568592872005e-03 2.232005598671094049e-03
2.187050396969425492e-03 2.229118027571530547e-03
2.194883330957964063e-03 1.963241873454535380e-03
2.103548240484087728e-03 2.665680256541236304e-03
2.123149504768662155e-03 2.015646387008018792e-03
2.201426230385550298e-03 2.156752082555613015e-03
2.021309603151166812e-03 1.945585135217697825e-03
2.095113197356113233e-03 1.913148002131492831e-03
2.087178871079231612e-03 1.864265016592980828e-03
1.975205890630604699e-03 2.088921497488627210e-03
2.031937528045091312e-03 1.767279123669140972e-03
2.008820320952509064e-03 2.272962799906963482e-03
1.993191185647447128e-03 2.706722445509512909e-03
2.023915750214655418e-03 1.774239153746748343e-03
2.003084693569689989e-03 1.901641582662705332e-03
1.929423410729214083e-03 1.849005475378362462e-03
1.926058054777968209e-03 1.920727226206508931e-03
1.934700721903936937e-03 1.827943419812072534e-03
1.904116676996636670e-03 1.924474790030217264e-03
1.882960068542161025e-03 1.840991822973592207e-03
1.886311011730867904e-03 2.219240881458972581e-03
1.866713765593885910e-03 1.740952752697921824e-03
1.867917269919416867e-03 1.736372460982238408e-03
1.824320688683656044e-03 2.394112994807073846e-03
1.802452808988164179e-03 1.618804116333194543e-03
1.759396544002811424e-03 2.158708878596371505e-03
1.893255687718919944e-03 1.959664122296089772e-03
1.748647648128098808e-03 1.706736043161072303e-03
1.807312016353535000e-03 1.845871293880918529e-03
1.733668633278284688e-03 1.640650135414034594e-03
1.743050686854985543e-03 1.712909222078451421e-03
1.708633127236680593e-03 1.606700992851983756e-03
1.746482672388083301e-03 1.550929002405609936e-03
1.686026726019917987e-03 1.647474280616734177e-03
1.648338539780525025e-03 1.481350360336364247e-03
1.700604115285386797e-03 1.867667563601571601e-03
1.666352558459038846e-03 1.721302518490119837e-03
1.662905277044046670e-03 1.873554668236465659e-03
1.608259660315525252e-03 1.829101477596850600e-03
1.637570961975143291e-03 1.538698954391293228e-03
1.606324625754496083e-03 1.405773886290262453e-03
1.569793819726328366e-03 1.439218877749226522e-03
1.594982407368661370e-03 1.479918850236572325e-03
1.563637700201070402e-03 1.441905331375892274e-03
1.586274769579176791e-03 2.047857078650849871e-03
1.512913853730424307e-03 2.131304927388555370e-03
1.533123858280305285e-03 1.688577050117601175e-03
1.513637868811201770e-03 1.375764526528655551e-03
1.511116577603388578e-03 1.888588514702860266e-03
1.529412995296297595e-03 1.400234359607566148e-03
1.494062001256679650e-03 1.642332048504613340e-03
1.450651547202141955e-03 1.391851677908562124e-03
1.506794747911044396e-03 1.528345651422569063e-03
1.442565402612672187e-03 1.373226443320163526e-03
1.495414191595045850e-03 1.488979154601111077e-03
1.460036515709361993e-03 1.483902126892644446e-03
1.434903739209403284e-03 1.397405254465411417e-03
1.414471884345402941e-03 1.496471695645595901e-03
1.473935803915082943e-03 1.404811878273903858e-03
1.424003939973772503e-03 1.366537705507653300e-03
1.435403298273740802e-03 1.272698404136463068e-03
1.417434044469700893e-03 1.346891853245324455e-03
1.365106949378969148e-03 1.611548485925595742e-03
1.401623126184858847e-03 1.593436383700463921e-03
1.423390946911240462e-03 1.437571532733272761e-03
1.363349754683440551e-03 1.657904352214245591e-03
1.358307889859133866e-03 1.288803284296591301e-03
1.394137829265673645e-03 1.879925280263705645e-03
1.462497599277412519e-03 1.353276835288852453e-03
1.356445614874246530e-03 1.214168230490031419e-03
1.310930031195312040e-03 1.407306001055985689e-03
1.397000417455274146e-03 1.321063198702177033e-03
1.328832684521330521e-03 1.260328825992473867e-03
1.320884329288674053e-03 1.328487590399163309e-03
1.274329414627572987e-03 1.235067134985001758e-03
1.383229930070228875e-03 1.282592421375738923e-03
1.321797556556703057e-03 1.485575406150019262e-03
1.301843904002453201e-03 1.502425719991151709e-03
1.268540477212809492e-03 1.259608024156477768e-03
1.328689509136893321e-03 1.510922834313532803e-03
1.279784987218590686e-03 1.266931752979871817e-03
1.238723209553427296e-03 1.212026332723326050e-03
1.286762196741619846e-03 1.198120844946970465e-03
1.228050342433562037e-03 1.563221068863640539e-03
1.257303200873138849e-03 1.199072581584914587e-03
1.275616487419028999e-03 1.213064535477315076e-03
1.273839128316467395e-03 1.363126717478735372e-03
1.256247513538255589e-03 1.353749861664255150e-03
1.226319464421976591e-03 1.226697400852572173e-03
1.256485005797003396e-03 1.184348000606405549e-03
1.235068203186528990e-03 1.203902073484641733e-03
1.191861105326097459e-03 1.259421535905858036e-03
1.211563145261607133e-03 1.176849508283339674e-03
1.208622602916875621e-03 1.145439699030248448e-03
1.211237905863526976e-03 1.138071167588350363e-03
1.173069536434923066e-03 1.231861255291732959e-03
1.178169125523709226e-03 1.275372167583554983e-03
1.176870644485461526e-03 1.309912126998824533e-03
1.183890385618724395e-03 1.180028713861247525e-03
1.216825130995857762e-03 1.235510462720412761e-03
1.159260413260199130e-03 1.144211295013519702e-03
1.144911533174308715e-03 1.111692743961611995e-03
1.153396192876243731e-03 1.166423406630201498e-03
1.143017432696069591e-03 1.077999365861614933e-03
1.142987251569138607e-03 1.080829495094803860e-03
1.137817811923014233e-03 1.133494744408380939e-03
1.131487816564913373e-03 1.065354539150575874e-03
1.157122572294611018e-03 1.165015941296587698e-03
1.128418354710447602e-03 1.138997864927659975e-03
1.140637773005437339e-03 1.344413169135805219e-03
1.115022654175845673e-03 1.082425215827242937e-03
1.086036970264103729e-03 1.047505370934231905e-03
1.101970128274842864e-03 1.081769446955149760e-03
1.063959189650631743e-03 1.052548367169947596e-03
1.152720765730919084e-03 1.121118513765395619e-03
1.077940412869793363e-03 1.042237608089635614e-03
1.115903807203721954e-03 1.277238969123573042e-03
1.098439582619903376e-03 1.046291915372421499e-03
1.066252517375687603e-03 1.079553181625669822e-03
1.054849749380082358e-03 1.159059177552990150e-03
1.072556282906589331e-03 1.192621108202729374e-03
1.044534718857903499e-03 1.013259737192129251e-03
1.057222007148084231e-03 1.054459757142467424e-03
1.078040367701760260e-03 1.043368233695218805e-03
1.059641556366841542e-03 9.802514796319883317e-04
1.064281231265340466e-03 1.113651522246073000e-03
1.036465215292992070e-03 1.015421534702909412e-03
1.022815403302956838e-03 9.913664548548695166e-04
1.013726199289521901e-03 1.003368683086591773e-03
1.017201241211296292e-03 1.033506838666653493e-03
9.924974860950896982e-04 1.010605850296997232e-03
9.968536842279718257e-04 1.015307105262763798e-03
1.054872837357834214e-03 1.008568337056203745e-03
9.791027027858945075e-04 1.126719933381536976e-03
1.020748535665916279e-03 9.882794670375005808e-04
9.758446713021839969e-04 1.012035945223033195e-03
9.750723065735655837e-04 1.007098945592588279e-03
9.656252354943717364e-04 9.796666599868331105e-04
9.538816134408989456e-04 9.789601922420843039e-04
9.573730640113353729e-04 9.923265515681123361e-04
9.575979656801791862e-04 9.358891388728807215e-04
9.421906502211641055e-04 1.004205555545922834e-03
9.291846085943689104e-04 9.340693754893436562e-04
9.500942733211559244e-04 9.496125981058867183e-04
9.186859610963438172e-04 9.298339127781218849e-04
9.196561004500836134e-04 8.948948952820501290e-04
9.669790943007683381e-04 9.489983744970231783e-04
9.156648779935494531e-04 9.298363556808908470e-04
8.921827225094602909e-04 9.215285208483692259e-04
9.157197509921388701e-04 9.379390612593851984e-04
9.047498683685262222e-04 8.880188142939005047e-04
9.040355880642891861e-04 9.052530194821883924e-04
8.844919207149359863e-04 8.936008694035990629e-04
8.841322814987506717e-04 8.917274067243852187e-04
8.951796753535745665e-04 8.882211741365608759e-04
8.880952982508460991e-04 8.864017640917154495e-04
8.726512910470773932e-04 8.731416592127061449e-04
8.505543723913433496e-04 8.551307569177879486e-04
8.595653985139506403e-04 8.757069167586450931e-04
8.573236677875684109e-04 8.486126271236571483e-04
8.610603022134455387e-04 8.669795647620048840e-04
8.380626732105156407e-04 8.657386779304943047e-04
8.334687349815794732e-04 8.342136943610967137e-04
8.287635005217452999e-04 8.628319269519124646e-04
8.522998514308710583e-04 8.252163675024348777e-04
8.233217099586909171e-04 8.413751806983782444e-04
8.220813556363282260e-04 8.346406866621691734e-04
8.260865033662412316e-04 8.234028546212357469e-04
8.095808029793261085e-04 8.252056077253655531e-04
8.108135780275915749e-04 8.281270938823581673e-04
8.196913804567884654e-04 8.106573841359931976e-04
7.967465780893689953e-04 8.112728833111759741e-04
8.041515229706419632e-04 8.132239768201543484e-04
7.964145315781934187e-04 8.064739372457552236e-04
7.845185118640074506e-04 8.108515285130124539e-04
8.015760981834318954e-04 7.999612653293297626e-04
7.944278363538614940e-04 8.145075485117558856e-04
7.813326433279144112e-04 7.965153763507260010e-04
7.870195199757290538e-04 8.026248060559737496e-04
7.843346324989397544e-04 7.995743771971319802e-04
7.822292059245228302e-04 8.124462847263203003e-04
7.788960101606789976e-04 7.977384175319457427e-04
7.783569071762030944e-04 7.889101912041951437e-04
7.755103265481011476e-04 7.889495796007395256e-04
7.786609048707759939e-04 8.027985086300759576e-04
7.655720278307853732e-04 7.872334062994923443e-04
7.590164332214044407e-04 7.902699735495843925e-04
7.642618720637983643e-04 7.870015047046763357e-04
7.738060185147332959e-04 7.719798009020450991e-04
7.647833408555015922e-04 7.782668722029484343e-04
7.705004436502349563e-04 7.806766175235679839e-04
7.656612569917342626e-04 7.811634127392608207e-04
7.562491109638358466e-04 7.814322602825996000e-04
7.498551944991049822e-04 7.808807349647395313e-04
7.528119067501393147e-04 7.801561923770350404e-04
7.643605358680360951e-04 7.800708663125988096e-04
7.567692296106542926e-04 7.777159007673617452e-04
7.529385416091827210e-04 7.770505394546489697e-04
7.721179804320854601e-04 7.743885066702205222e-04
