2.529919964075088501e+01 2.524761709594726611e+01
2.559363800287246704e+01 2.524513287353515523e+01
2.512050074338912964e+01 2.524237084960937594e+01
2.472694057226181030e+01 2.523859591674804648e+01
2.535142916440963745e+01 2.523384063720703097e+01
2.491096150875091553e+01 2.522762350463867165e+01
2.495444971323013306e+01 2.521976249694824190e+01
2.481450670957565308e+01 2.520984884643554835e+01
2.594601017236709595e+01 2.519130432128906349e+01
2.489036387205123901e+01 2.516499685668945219e+01
2.497823715209960938e+01 2.512168231201171764e+01
2.530261415243148804e+01 2.506334117126464989e+01
2.436781805753707886e+01 2.499958825683593844e+01
2.486607962846755981e+01 2.492539955139160313e+01
2.538849598169326782e+01 2.482254428100586097e+01
2.449735856056213379e+01 2.466565461730957054e+01
2.396891725063323975e+01 2.427089898681640534e+01
2.422974115610122681e+01 2.334129527282714989e+01
2.218458878993988037e+01 2.108734292602538929e+01
1.875540357828140259e+01 1.625180215454101429e+01
1.232401907444000244e+01 8.646299602508545235e+00
6.341076806187629700e+00 5.237784435272216932e+00
4.509985983371734619e+00 3.977345626831054748e+00
3.395772837102413177e+00 3.171492582321167042e+00
2.960449934005737305e+00 2.728853181838989173e+00
2.532491043210029602e+00 2.535713626861572312e+00
2.485102873295545578e+00 2.475790515899658040e+00
2.232555508613586426e+00 2.456782787322997930e+00
2.377067781984806061e+00 2.436762311935424918e+00
2.407327361404895782e+00 2.439355243682861385e+00
2.409634813666343689e+00 2.435232858657836896e+00
2.193531814962625504e+00 2.435181705474853686e+00
2.351705998182296753e+00 2.442222457885742326e+00
2.293326407670974731e+00 2.436695255279540895e+00
2.342224936932325363e+00 2.448141216278076016e+00
2.400137249380350113e+00 2.436330869674682820e+00
2.462296191602945328e+00 2.442869155883788945e+00
2.486818812787532806e+00 2.441992531299590929e+00
2.399345051497220993e+00 2.435071041107177869e+00
2.473689939826726913e+00 2.436774213790893651e+00
2.280630491673946381e+00 2.438027945518493667e+00
2.326755221933126450e+00 2.437318569183349659e+00
2.281692836433649063e+00 2.441483179092407418e+00
2.369505327194929123e+00 2.440784832000732596e+00
2.165680915117263794e+00 2.441898979187011598e+00
2.467308033257722855e+00 2.435430505752563590e+00
2.317512493580579758e+00 2.438995510101318320e+00
2.275649350136518478e+00 2.435406028747558516e+00
2.263385355472564697e+00 2.435391601562499897e+00
2.347264897078275681e+00 2.436852355957031424e+00
2.384665273129940033e+00 2.437032830238342385e+00
2.444784544408321381e+00 2.442408073425292869e+00
2.644037302583456039e+00 2.436108016967773349e+00
2.300090778619050980e+00 2.436496921539306637e+00
2.289671830832958221e+00 2.438717941284179513e+00
2.479765098541975021e+00 2.436404349327087271e+00
2.358674176037311554e+00 2.447829347610473771e+00
2.249142684042453766e+00 2.435264572143554851e+00
2.370502717792987823e+00 2.444389690399169979e+00
2.319032665342092514e+00 2.436731536865234471e+00
2.390539474785327911e+00 2.437095355987549006e+00
2.366295486688613892e+00 2.435759361267090028e+00
2.473279714584350586e+00 2.439785297393799013e+00
2.475535742938518524e+00 2.435523937225341662e+00
2.389933057129383087e+00 2.436638587951660107e+00
2.250680863857269287e+00 2.443207045555114920e+00
2.258423846215009689e+00 2.435865814208984403e+00
2.139853764325380325e+00 2.438824054718017553e+00
2.355638809502124786e+00 2.437392280578613235e+00
2.317854531109333038e+00 2.435222488403320451e+00
2.251366749405860901e+00 2.435722314834594560e+00
2.430651068687438965e+00 2.435919494628906445e+00
2.297297026962041855e+00 2.437500164031982219e+00
2.192146435379981995e+00 2.436788395404815510e+00
2.318453568965196609e+00 2.435790184020996119e+00
2.533290278166532516e+00 2.436746520996093679e+00
2.338493078947067261e+00 2.436238158226013084e+00
2.160332158207893372e+00 2.436307588577270700e+00
2.510371431708335876e+00 2.438523698806762674e+00
2.402491711080074310e+00 2.435084552764892774e+00
2.228241544216871262e+00 2.435485286712646413e+00
2.374946061521768570e+00 2.437256553649902457e+00
2.347764700651168823e+00 2.436419080734252951e+00
2.564255557954311371e+00 2.435350788116454890e+00
2.194564849138259888e+00 2.435199715614318805e+00
2.279640361666679382e+00 2.435874160766601459e+00
2.392984021455049515e+00 2.435633140563964627e+00
2.314687930047512054e+00 2.435172201156616367e+00
2.397969350218772888e+00 2.435281389236449989e+00
2.189494885504245758e+00 2.435219879150390732e+00
2.515580859035253525e+00 2.435272985458373896e+00
2.415826782584190369e+00 2.435272991180419844e+00
2.490020565688610077e+00 2.435264940261840927e+00
2.273181699216365814e+00 2.435261075973510714e+00
2.170723874121904373e+00 2.435330827713012791e+00
2.414759863168001175e+00 2.435330801486968788e+00
2.256099313497543335e+00 2.435312196731567180e+00
2.282370001077651978e+00 2.435312198638916126e+00
2.371671359986066818e+00 2.435284911155700893e+00
2.370480019599199295e+00 2.435284934997558715e+00
