-1.457675457000732422e+01 1.704665184020996094e+01 -8.516305923461914062e+00 -1.929289817810058594e+01 -1.865257263183593750e+01 1.835040855407714844e+01 -1.001070976257324219e+01 -2.004434967041015625e+01 -2.478257179260253906e+01 -1.376605033874511719e+01
-1.469332790374755859e+01 1.718341255187988281e+01 -8.585538864135742188e+00 -1.944820404052734375e+01 -1.880151176452636719e+01 1.849903678894042969e+01 -1.008965110778808594e+01 -2.020528793334960938e+01 -2.498182296752929688e+01 -1.387776851654052734e+01
-1.480124855041503906e+01 1.731022644042968750e+01 -8.649619102478027344e+00 -1.959259796142578125e+01 -1.893992042541503906e+01 1.863658332824707031e+01 -1.016277503967285156e+01 -2.035453414916992188e+01 -2.516676521301269531e+01 -1.398150348663330078e+01
-1.492292118072509766e+01 1.745345497131347656e+01 -8.721835136413574219e+00 -1.975551605224609375e+01 -1.909588623046875000e+01 1.879146385192871094e+01 -1.024532699584960938e+01 -2.052242088317871094e+01 -2.537514305114746094e+01 -1.409832096099853516e+01
-1.500200939178466797e+01 1.754632759094238281e+01 -8.768601417541503906e+00 -1.986109542846679688e+01 -1.919718551635742188e+01 1.889229393005371094e+01 -1.029902648925781250e+01 -2.063086700439453125e+01 -2.551008987426757812e+01 -1.417392444610595703e+01
-1.504023170471191406e+01 1.759061622619628906e+01 -8.790925979614257812e+00 -1.991178512573242188e+01 -1.924595451354980469e+01 1.894094085693359375e+01 -1.032471942901611328e+01 -2.068255615234375000e+01 -2.557460975646972656e+01 -1.421002292633056641e+01
-1.508544063568115234e+01 1.764297866821289062e+01 -8.816981315612792969e+00 -1.997203254699707031e+01 -1.930331230163574219e+01 1.899829483032226562e+01 -1.035505104064941406e+01 -2.074337387084960938e+01 -2.565080070495605469e+01 -1.425233364105224609e+01
-1.513709354400634766e+01 1.770301437377929688e+01 -8.846996307373046875e+00 -2.004137992858886719e+01 -1.936923217773437500e+01 1.906398963928222656e+01 -1.038973522186279297e+01 -2.081348419189453125e+01 -2.573823165893554688e+01 -1.430090618133544922e+01
-1.517508029937744141e+01 1.774731445312500000e+01 -8.869057655334472656e+00 -2.009248161315917969e+01 -1.941801452636718750e+01 1.911227416992187500e+01 -1.041521072387695312e+01 -2.086494445800781250e+01 -2.580251502990722656e+01 -1.433641910552978516e+01
-1.520147895812988281e+01 1.777812004089355469e+01 -8.884182929992675781e+00 -2.012811279296875000e+01 -1.945183944702148438e+01 1.914575767517089844e+01 -1.043274307250976562e+01 -2.090051841735839844e+01 -2.584706306457519531e+01 -1.436052608489990234e+01
-1.460670471191406250e+01 1.708178138732910156e+01 -8.534100532531738281e+00 -1.933268356323242188e+01 -1.869071769714355469e+01 1.838853645324707031e+01 -1.003100967407226562e+01 -2.008559608459472656e+01 -2.483365631103515625e+01 -1.379465770721435547e+01
-1.471818447113037109e+01 1.721268653869628906e+01 -8.600282669067382812e+00 -1.948155975341796875e+01 -1.883339500427246094e+01 1.853074455261230469e+01 -1.010649871826171875e+01 -2.023973846435546875e+01 -2.502450370788574219e+01 -1.390172672271728516e+01
-1.483071041107177734e+01 1.734490585327148438e+01 -8.667031288146972656e+00 -1.963217353820800781e+01 -1.897759246826171875e+01 1.867401313781738281e+01 -1.018274116516113281e+01 -2.039506340026855469e+01 -2.521721839904785156e+01 -1.400977516174316406e+01
-1.493933391571044922e+01 1.747277832031250000e+01 -8.731575012207031250e+00 -1.977745819091796875e+01 -1.911697578430175781e+01 1.881237983703613281e+01 -1.025647926330566406e+01 -2.054506301879882812e+01 -2.540325164794921875e+01 -1.411410999298095703e+01
-1.500295352935791016e+01 1.754739379882812500e+01 -8.769189834594726562e+00 -1.986236000061035156e+01 -1.919850349426269531e+01 1.889353370666503906e+01 -1.029963207244873047e+01 -2.063216972351074219e+01 -2.551169776916503906e+01 -1.417488002777099609e+01
-1.504461956024169922e+01 1.759562492370605469e+01 -8.793412208557128906e+00 -1.991755867004394531e+01 -1.925151252746582031e+01 1.894654464721679688e+01 -1.032763385772705078e+01 -2.068841171264648438e+01 -2.558195114135742188e+01 -1.421410846710205078e+01
-1.509362316131591797e+01 1.765255165100097656e+01 -8.821747779846191406e+00 -1.998306083679199219e+01 -1.931381416320800781e+01 1.900875282287597656e+01 -1.036058807373046875e+01 -2.075454711914062500e+01 -2.566472625732421875e+01 -1.426008319854736328e+01
-1.514190101623535156e+01 1.770862007141113281e+01 -8.849801063537597656e+00 -2.004783248901367188e+01 -1.937542343139648438e+01 1.907012557983398438e+01 -1.039299583435058594e+01 -2.082002258300781250e+01 -2.574637413024902344e+01 -1.430544567108154297e+01
-1.518353652954101562e+01 1.775726318359375000e+01 -8.874022483825683594e+00 -2.010383033752441406e+01 -1.942888069152832031e+01 1.912304878234863281e+01 -1.042091846466064453e+01 -2.087656021118164062e+01 -2.581693840026855469e+01 -1.434443187713623047e+01
-1.520295810699462891e+01 1.777983665466308594e+01 -8.885008811950683594e+00 -2.013017082214355469e+01 -1.945376396179199219e+01 1.914762115478515625e+01 -1.043369293212890625e+01 -2.090249252319335938e+01 -2.584956359863281250e+01 -1.436185932159423828e+01
-1.462936592102050781e+01 1.710842514038085938e+01 -8.547535896301269531e+00 -1.936305999755859375e+01 -1.871973419189453125e+01 1.841747093200683594e+01 -1.004632759094238281e+01 -2.011697006225585938e+01 -2.487251663208007812e+01 -1.381645393371582031e+01
-1.474095249176025391e+01 1.723940658569335938e+01 -8.613741874694824219e+00 -1.951205635070800781e+01 -1.886253356933593750e+01 1.855978012084960938e+01 -1.012193107604980469e+01 -2.027119827270507812e+01 -2.506350326538085938e+01 -1.392354106903076172e+01
-1.484450626373291016e+01 1.736107254028320312e+01 -8.675251007080078125e+00 -1.965052032470703125e+01 -1.899535179138183594e+01 1.869162940979003906e+01 -1.019208240509033203e+01 -2.041416168212890625e+01 -2.524083137512207031e+01 -1.402305126190185547e+01
-1.496066284179687500e+01 1.749786758422851562e+01 -8.744164466857910156e+00 -1.980597877502441406e+01 -1.914421463012695312e+01 1.883955001831054688e+01 -1.027101135253906250e+01 -2.057437133789062500e+01 -2.543968009948730469e+01 -1.413442707061767578e+01
-1.500805664062500000e+01 1.755325698852539062e+01 -8.772142410278320312e+00 -1.986894035339355469e+01 -1.920493507385253906e+01 1.890002632141113281e+01 -1.030310821533203125e+01 -2.063897705078125000e+01 -2.552025222778320312e+01 -1.417966079711914062e+01
-1.505811977386474609e+01 1.761136245727539062e+01 -8.801325798034667969e+00 -1.993551063537597656e+01 -1.926864433288574219e+01 1.896364974975585938e+01 -1.033678150177001953e+01 -2.070667076110839844e+01 -2.560476112365722656e+01 -1.422683620452880859e+01
-1.509650611877441406e+01 1.765578842163085938e+01 -8.823332786560058594e+00 -1.998692703247070312e+01 -1.931738853454589844e+01 1.901241683959960938e+01 -1.036246299743652344e+01 -2.075825691223144531e+01 -2.566944313049316406e+01 -1.426263809204101562e+01
-1.514838790893554688e+01 1.771617889404296875e+01 -8.853547096252441406e+00 -2.005657768249511719e+01 -1.938371086120605469e+01 1.907836723327636719e+01 -1.039733886718750000e+01 -2.082880020141601562e+01 -2.575736808776855469e+01 -1.431151866912841797e+01
-1.518781566619873047e+01 1.776233291625976562e+01 -8.876504898071289062e+00 -2.010964202880859375e+01 -1.943440818786621094e+01 1.912854194641113281e+01 -1.042380905151367188e+01 -2.088240242004394531e+01 -2.582423400878906250e+01 -1.434834003448486328e+01
-1.520646953582763672e+01 1.778394889831542969e+01 -8.887042045593261719e+00 -2.013489723205566406e+01 -1.945829582214355469e+01 1.915210342407226562e+01 -1.043604469299316406e+01 -2.090725326538085938e+01 -2.585551261901855469e+01 -1.436513805389404297e+01
-1.464541244506835938e+01 1.712719726562500000e+01 -8.557045936584472656e+00 -1.938430023193359375e+01 -1.874022102355957031e+01 1.843797111511230469e+01 -1.005717277526855469e+01 -2.013913726806640625e+01 -2.489990806579589844e+01 -1.383184719085693359e+01
-1.475440025329589844e+01 1.725517463684082031e+01 -8.621730804443359375e+00 -1.953000640869140625e+01 -1.887984848022460938e+01 1.857695198059082031e+01 -1.013104629516601562e+01 -2.028981208801269531e+01 -2.508657836914062500e+01 -1.393655490875244141e+01
-1.486524200439453125e+01 1.738567161560058594e+01 -8.687633514404296875e+00 -1.967841339111328125e+01 -1.902210044860839844e+01 1.871805953979492188e+01 -1.020619297027587891e+01 -2.044305610656738281e+01 -2.527657890319824219e+01 -1.404317665100097656e+01
-1.497828292846679688e+01 1.751867485046386719e+01 -8.754611015319824219e+00 -1.982958221435546875e+01 -1.916685676574707031e+01 1.886206436157226562e+01 -1.028302001953125000e+01 -2.059860610961914062e+01 -2.546984291076660156e+01 -1.415134334564208984e+01
-1.501063251495361328e+01 1.755621528625488281e+01 -8.773648262023925781e+00 -1.987234497070312500e+01 -1.920823669433593750e+01 1.890327644348144531e+01 -1.030476379394531250e+01 -2.064239120483398438e+01 -2.552453804016113281e+01 -1.418208789825439453e+01
-1.505741310119628906e+01 1.761039733886718750e+01 -8.800772666931152344e+00 -1.993446350097656250e+01 -1.926771354675292969e+01 1.896282196044921875e+01 -1.033627700805664062e+01 -2.070558166503906250e+01 -2.560342597961425781e+01 -1.422606086730957031e+01
-1.510100364685058594e+01 1.766095161437988281e+01 -8.825916290283203125e+00 -1.999290275573730469e+01 -1.932310867309570312e+01 1.901808357238769531e+01 -1.036546134948730469e+01 -2.076428222656250000e+01 -2.567702293395996094e+01 -1.426689910888671875e+01
-1.515102386474609375e+01 1.771920967102050781e+01 -8.855053901672363281e+00 -2.006014060974121094e+01 -1.938712310791015625e+01 1.908175468444824219e+01 -1.039910793304443359e+01 -2.083235168457031250e+01 -2.576180076599121094e+01 -1.431394290924072266e+01
-1.518805789947509766e+01 1.776253128051757812e+01 -8.876593589782714844e+00 -2.010993957519531250e+01 -1.943468284606933594e+01 1.912882041931152344e+01 -1.042392253875732422e+01 -2.088262939453125000e+01 -2.582454681396484375e+01 -1.434850597381591797e+01
-1.520624351501464844e+01 1.778373336791992188e+01 -8.886832237243652344e+00 -2.013470840454101562e+01 -1.945810508728027344e+01 1.915183067321777344e+01 -1.043586730957031250e+01 -2.090697860717773438e+01 -2.585518836975097656e+01 -1.436484241485595703e+01
-1.466672992706298828e+01 1.715220260620117188e+01 -8.569737434387207031e+00 -1.941280746459960938e+01 -1.876745223999023438e+01 1.846508789062500000e+01 -1.007157611846923828e+01 -2.016855430603027344e+01 -2.493632316589355469e+01 -1.385222339630126953e+01
-1.477169609069824219e+01 1.727548217773437500e+01 -8.631979942321777344e+00 -1.955318260192871094e+01 -1.890205001831054688e+01 1.859902763366699219e+01 -1.014273643493652344e+01 -2.031378746032714844e+01 -2.511627578735351562e+01 -1.395320415496826172e+01
-1.489329814910888672e+01 1.741864013671875000e+01 -8.704215049743652344e+00 -1.971601486206054688e+01 -1.905794906616210938e+01 1.875371360778808594e+01 -1.022520828247070312e+01 -2.048154449462890625e+01 -2.532451057434082031e+01 -1.406992149353027344e+01
-1.497520732879638672e+01 1.751485824584960938e+01 -8.752752304077148438e+00 -1.982531356811523438e+01 -1.916289329528808594e+01 1.885815429687500000e+01 -1.028083992004394531e+01 -2.059421157836914062e+01 -2.546445846557617188e+01 -1.414844608306884766e+01
-1.502165126800537109e+01 1.756914329528808594e+01 -8.780094146728515625e+00 -1.988712310791015625e+01 -1.922236824035644531e+01 1.891743278503417969e+01 -1.031227874755859375e+01 -2.065757179260253906e+01 -2.554339027404785156e+01 -1.419261646270751953e+01
-1.505828857421875000e+01 1.761121368408203125e+01 -8.801205635070800781e+00 -1.993552207946777344e+01 -1.926867866516113281e+01 1.896384429931640625e+01 -1.033676338195800781e+01 -2.070647811889648438e+01 -2.560464286804199219e+01 -1.422671985626220703e+01
-1.510748577117919922e+01 1.766846847534179688e+01 -8.829669952392578125e+00 -2.000161361694335938e+01 -1.933135223388671875e+01 1.902641105651855469e+01 -1.036981773376464844e+01 -2.077313613891601562e+01 -2.568802833557128906e+01 -1.427303028106689453e+01
-1.515950298309326172e+01 1.772916030883789062e+01 -8.860030174255371094e+00 -2.007146835327148438e+01 -1.939796257019042969e+01 1.909249305725097656e+01 -1.040483093261718750e+01 -2.084391403198242188e+01 -2.577619743347167969e+01 -1.432196998596191406e+01
-1.518906116485595703e+01 1.776369857788085938e+01 -8.877144813537597656e+00 -2.011127853393554688e+01 -1.943596839904785156e+01 1.913006401062011719e+01 -1.042457199096679688e+01 -2.088395309448242188e+01 -2.582621765136718750e+01 -1.434936809539794922e+01
-1.520706176757812500e+01 1.778461837768554688e+01 -8.887232780456542969e+00 -2.013586044311523438e+01 -1.945913696289062500e+01 1.915288734436035156e+01 -1.043632316589355469e+01 -2.090795898437500000e+01 -2.585651397705078125e+01 -1.436548709869384766e+01
-1.468584918975830078e+01 1.717471504211425781e+01 -8.581087112426757812e+00 -1.943840599060058594e+01 -1.879208755493164062e+01 1.848959541320800781e+01 -1.008461189270019531e+01 -2.019530105590820312e+01 -2.496931266784667969e+01 -1.387077617645263672e+01
-1.478884887695312500e+01 1.729565620422363281e+01 -8.642210960388183594e+00 -1.957604598999023438e+01 -1.892406845092773438e+01 1.862085151672363281e+01 -1.015439414978027344e+01 -2.033753013610839844e+01 -2.514565849304199219e+01 -1.396973514556884766e+01
-1.490420150756835938e+01 1.743145751953125000e+01 -8.710741996765136719e+00 -1.973055648803710938e+01 -1.907199478149414062e+01 1.876762199401855469e+01 -1.023261260986328125e+01 -2.049663734436035156e+01 -2.534319114685058594e+01 -1.408048057556152344e+01
-1.498778438568115234e+01 1.752969360351562500e+01 -8.760225296020507812e+00 -1.984220123291015625e+01 -1.917905235290527344e+01 1.887418746948242188e+01 -1.028937339782714844e+01 -2.061148834228515625e+01 -2.548594284057617188e+01 -1.416040420532226562e+01
-1.502828979492187500e+01 1.757681655883789062e+01 -8.784010887145996094e+00 -1.989585113525390625e+01 -1.923078346252441406e+01 1.892579841613769531e+01 -1.031673336029052734e+01 -2.066644477844238281e+01 -2.555449867248535156e+01 -1.419885349273681641e+01
-1.507397079467773438e+01 1.762964439392089844e+01 -8.810378074645996094e+00 -1.995663833618164062e+01 -1.928872489929199219e+01 1.898380279541015625e+01 -1.034737586975097656e+01 -2.072790145874023438e+01 -2.563137626647949219e+01 -1.424160957336425781e+01
-1.511746120452880859e+01 1.768011093139648438e+01 -8.835518836975097656e+00 -2.001498413085937500e+01 -1.934407234191894531e+01 1.903913879394531250e+01 -1.037656974792480469e+01 -2.078675651550292969e+01 -2.570493316650390625e+01 -1.428240299224853516e+01
-1.516383743286132812e+01 1.773427963256835938e+01 -8.862565040588378906e+00 -2.007734107971191406e+01 -1.940358924865722656e+01 1.909806442260742188e+01 -1.040777206420898438e+01 -2.084986877441406250e+01 -2.578360176086425781e+01 -1.432599830627441406e+01
-1.519046783447265625e+01 1.776529693603515625e+01 -8.877891540527343750e+00 -2.011323738098144531e+01 -1.943777656555175781e+01 1.913185310363769531e+01 -1.042546176910400391e+01 -2.088574600219726562e+01 -2.582852745056152344e+01 -1.435055065155029297e+01
-1.520841884613037109e+01 1.778620338439941406e+01 -8.887972831726074219e+00 -2.013770675659179688e+01 -1.946088790893554688e+01 1.915461921691894531e+01 -1.043720245361328125e+01 -2.090975189208984375e+01 -2.585880470275878906e+01 -1.436666870117187500e+01
-1.471073818206787109e+01 1.720393371582031250e+01 -8.595815658569335938e+00 -1.947161483764648438e+01 -1.882382583618164062e+01 1.852124595642089844e+01 -1.010148048400878906e+01 -2.022943496704101562e+01 -2.501174926757812500e+01 -1.389454174041748047e+01
-1.480741024017333984e+01 1.731754684448242188e+01 -8.653201103210449219e+00 -1.960100173950195312e+01 -1.894788551330566406e+01 1.864449119567871094e+01 -1.016698932647705078e+01 -2.036317443847656250e+01 -2.517752075195312500e+01 -1.398757648468017578e+01
-1.492892551422119141e+01 1.746054458618164062e+01 -8.725398063659667969e+00 -1.976352882385253906e+01 -1.910359573364257812e+01 1.879914474487304688e+01 -1.024944400787353516e+01 -2.053072166442871094e+01 -2.538540267944335938e+01 -1.410403537750244141e+01
-1.499570560455322266e+01 1.753900527954101562e+01 -8.764920234680175781e+00 -1.985275650024414062e+01 -1.918928337097167969e+01 1.888431739807128906e+01 -1.029476737976074219e+01 -2.062235641479492188e+01 -2.549947929382324219e+01 -1.416804409027099609e+01
-1.503554534912109375e+01 1.758517456054687500e+01 -8.788254737854003906e+00 -1.990548324584960938e+01 -1.923999023437500000e+01 1.893497657775878906e+01 -1.032157135009765625e+01 -2.067623519897460938e+01 -2.556664848327636719e+01 -1.420560550689697266e+01
-1.507683753967285156e+01 1.763295745849609375e+01 -8.811961174011230469e+00 -1.996046829223632812e+01 -1.929236793518066406e+01 1.898742485046386719e+01 -1.034929847717285156e+01 -2.073169708251953125e+01 -2.563620758056640625e+01 -1.424422454833984375e+01
-1.511664104461669922e+01 1.767898941040039062e+01 -8.834941864013671875e+00 -2.001385307312011719e+01 -1.934299850463867188e+01 1.903804969787597656e+01 -1.037590599060058594e+01 -2.078549194335937500e+01 -2.570341873168945312e+01 -1.428153228759765625e+01
-1.516797924041748047e+01 1.773917961120605469e+01 -8.864963531494140625e+00 -2.008292770385742188e+01 -1.940896034240722656e+01 1.910333061218261719e+01 -1.041054725646972656e+01 -2.085551452636718750e+01 -2.579067802429199219e+01 -1.432990550994873047e+01
-1.519236660003662109e+01 1.776744079589843750e+01 -8.878930091857910156e+00 -2.011574363708496094e+01 -1.944013404846191406e+01 1.913421058654785156e+01 -1.042670822143554688e+01 -2.088821411132812500e+01 -2.583167076110839844e+01 -1.435227680206298828e+01
-1.520609474182128906e+01 1.778341674804687500e+01 -8.886497497558593750e+00 -2.013469505310058594e+01 -1.945793724060058594e+01 1.915162086486816406e+01 -1.043554687500000000e+01 -2.090646362304687500e+01 -2.585481834411621094e+01 -1.436435222625732422e+01
-1.472602272033691406e+01 1.722176742553710938e+01 -8.604854583740234375e+00 -1.949201965332031250e+01 -1.884334754943847656e+01 1.854071235656738281e+01 -1.011176490783691406e+01 -2.025045394897460938e+01 -2.503785705566406250e+01 -1.390918254852294922e+01
-1.483574485778808594e+01 1.735082626342773438e+01 -8.670016288757324219e+00 -1.963883972167968750e+01 -1.898407363891601562e+01 1.868053817749023438e+01 -1.018622303009033203e+01 -2.040212631225585938e+01 -2.522587776184082031e+01 -1.401460552215576172e+01
-1.494263839721679688e+01 1.747666549682617188e+01 -8.733507156372070312e+00 -1.978186035156250000e+01 -1.912113761901855469e+01 1.881659507751464844e+01 -1.025874423980712891e+01 -2.054958915710449219e+01 -2.540886688232421875e+01 -1.411714839935302734e+01
-1.500609397888183594e+01 1.755117797851562500e+01 -8.771026611328125000e+00 -1.986663436889648438e+01 -1.920254898071289062e+01 1.889759445190429688e+01 -1.030181789398193359e+01 -2.063655281066894531e+01 -2.551715278625488281e+01 -1.417785739898681641e+01
-1.503945446014404297e+01 1.758966827392578125e+01 -8.790442466735839844e+00 -1.991065979003906250e+01 -1.924493217468261719e+01 1.893998908996582031e+01 -1.032420921325683594e+01 -2.068144607543945312e+01 -2.557323265075683594e+01 -1.420927429199218750e+01
-1.508541774749755859e+01 1.764299964904785156e+01 -8.816970825195312500e+00 -1.997200775146484375e+01 -1.930331230163574219e+01 1.899828338623046875e+01 -1.035505294799804688e+01 -2.074339866638183594e+01 -2.565080833435058594e+01 -1.425238990783691406e+01
-1.513042354583740234e+01 1.769527435302734375e+01 -8.843048095703125000e+00 -2.003239440917968750e+01 -1.936071586608886719e+01 1.905560111999511719e+01 -1.038530731201171875e+01 -2.080445480346679688e+01 -2.572700881958007812e+01 -1.429472064971923828e+01
-1.517069911956787109e+01 1.774226951599121094e+01 -8.866494178771972656e+00 -2.008658981323242188e+01 -1.941241645812988281e+01 1.910679626464843750e+01 -1.041231727600097656e+01 -2.085909652709960938e+01 -2.579520606994628906e+01 -1.433240699768066406e+01
-1.519234943389892578e+01 1.776738357543945312e+01 -8.878836631774902344e+00 -2.011571884155273438e+01 -1.944011116027832031e+01 1.913418388366699219e+01 -1.042664813995361328e+01 -2.088808059692382812e+01 -2.583156967163085938e+01 -1.435208415985107422e+01
-1.520440196990966797e+01 1.778139495849609375e+01 -8.885459899902343750e+00 -2.013246154785156250e+01 -1.945578002929687500e+01 1.914946746826171875e+01 -1.043433189392089844e+01 -2.090404319763183594e+01 -2.585185813903808594e+01 -1.436261844635009766e+01
-1.473868656158447266e+01 1.723661994934082031e+01 -8.612359046936035156e+00 -1.950894927978515625e+01 -1.885960960388183594e+01 1.855696105957031250e+01 -1.012038803100585938e+01 -2.026804351806640625e+01 -2.505961608886718750e+01 -1.392143058776855469e+01
-1.484440135955810547e+01 1.736103820800781250e+01 -8.675156593322753906e+00 -1.965046310424804688e+01 -1.899528503417968750e+01 1.869153404235839844e+01 -1.019205188751220703e+01 -2.041413688659667969e+01 -2.524078178405761719e+01 -1.402303981781005859e+01
-1.495564937591552734e+01 1.749199295043945312e+01 -8.741174697875976562e+00 -1.979928588867187500e+01 -1.913782882690429688e+01 1.883324241638183594e+01 -1.026760673522949219e+01 -2.056752967834472656e+01 -2.543118095397949219e+01 -1.412967300415039062e+01
-1.501073360443115234e+01 1.755654525756835938e+01 -8.773772239685058594e+00 -1.987270545959472656e+01 -1.920840835571289062e+01 1.890340232849121094e+01 -1.030492973327636719e+01 -2.064278030395507812e+01 -2.552495765686035156e+01 -1.418229389190673828e+01
-1.504230022430419922e+01 1.759288787841796875e+01 -8.792038917541503906e+00 -1.991436004638671875e+01 -1.924852943420410156e+01 1.894360542297363281e+01 -1.032607841491699219e+01 -2.068522644042968750e+01 -2.557796859741210938e+01 -1.421198177337646484e+01
-1.508536720275878906e+01 1.764284515380859375e+01 -8.816866874694824219e+00 -1.997195243835449219e+01 -1.930321693420410156e+01 1.899824523925781250e+01 -1.035498714447021484e+01 -2.074319839477539062e+01 -2.565060615539550781e+01 -1.425221633911132812e+01
-1.513387584686279297e+01 1.769927787780761719e+01 -8.845048904418945312e+00 -2.003710174560546875e+01 -1.936518287658691406e+01 1.905998802185058594e+01 -1.038760757446289062e+01 -2.080914497375488281e+01 -2.573284339904785156e+01 -1.429791736602783203e+01
-1.517562198638916016e+01 1.774803924560546875e+01 -8.869362831115722656e+00 -2.009325218200683594e+01 -1.941874885559082031e+01 1.911302185058593750e+01 -1.041563034057617188e+01 -2.086581039428710938e+01 -2.580356788635253906e+01 -1.433702754974365234e+01
-1.519746780395507812e+01 1.777344512939453125e+01 -8.881808280944824219e+00 -2.012267303466796875e+01 -1.944668388366699219e+01 1.914069938659667969e+01 -1.043010902404785156e+01 -2.089507102966308594e+01 -2.584032630920410156e+01 -1.435688495635986328e+01
-1.520374107360839844e+01 1.778060913085937500e+01 -8.884995460510253906e+00 -2.013162612915039062e+01 -1.945496749877929688e+01 1.914866638183593750e+01 -1.043384933471679688e+01 -2.090310668945312500e+01 -2.585075569152832031e+01 -1.436191844940185547e+01
-1.476093006134033203e+01 1.726283454895019531e+01 -8.625558853149414062e+00 -1.953872871398925781e+01 -1.888815689086914062e+01 1.858531951904296875e+01 -1.013546657562255859e+01 -2.029882049560546875e+01 -2.509777069091796875e+01 -1.394275569915771484e+01
-1.487123203277587891e+01 1.739264869689941406e+01 -8.691079139709472656e+00 -1.968640708923339844e+01 -1.902962493896484375e+01 1.872564888000488281e+01 -1.021027183532714844e+01 -2.045112609863281250e+01 -2.528674888610839844e+01 -1.404882144927978516e+01
-1.496988773345947266e+01 1.750875091552734375e+01 -8.749585151672363281e+00 -1.981826400756835938e+01 -1.915606498718261719e+01 1.885137176513671875e+01 -1.027729988098144531e+01 -2.058702468872070312e+01 -2.545546531677246094e+01 -1.414328002929687500e+01
-1.501380252838134766e+01 1.756009674072265625e+01 -8.775516510009765625e+00 -1.987675285339355469e+01 -1.921237373352050781e+01 1.890742683410644531e+01 -1.030702972412109375e+01 -2.064696121215820312e+01 -2.553016471862792969e+01 -1.418522548675537109e+01
-1.504524898529052734e+01 1.759617424011230469e+01 -8.793654441833496094e+00 -1.991823196411132812e+01 -1.925217056274414062e+01 1.894733238220214844e+01 -1.032802772521972656e+01 -2.068902587890625000e+01 -2.558279609680175781e+01 -1.421456813812255859e+01
-1.509299182891845703e+01 1.765169525146484375e+01 -8.821260452270507812e+00 -1.998214530944824219e+01 -1.931285285949707031e+01 1.900793457031250000e+01 -1.036010169982910156e+01 -2.075341987609863281e+01 -2.566344451904296875e+01 -1.425929546356201172e+01
-1.513866424560546875e+01 1.770485687255859375e+01 -8.847811698913574219e+00 -2.004354667663574219e+01 -1.937129974365234375e+01 1.906607627868652344e+01 -1.039082717895507812e+01 -2.081563949584960938e+01 -2.574095153808593750e+01 -1.430238437652587891e+01
-1.517746543884277344e+01 1.775018310546875000e+01 -8.870445251464843750e+00 -2.009569549560546875e+01 -1.942113304138183594e+01 1.911540031433105469e+01 -1.041684913635253906e+01 -2.086828613281250000e+01 -2.580665397644042969e+01 -1.433870601654052734e+01
-1.519715785980224609e+01 1.777301788330078125e+01 -8.881587028503417969e+00 -2.012225151062011719e+01 -1.944628715515136719e+01 1.914029502868652344e+01 -1.042986679077148438e+01 -2.089455986022949219e+01 -2.583970069885253906e+01 -1.435649204254150391e+01
-1.520386123657226562e+01 1.778079605102539062e+01 -8.885004997253417969e+00 -2.013190460205078125e+01 -1.945524406433105469e+01 1.914887428283691406e+01 -1.043389511108398438e+01 -2.090329933166503906e+01 -2.585104179382324219e+01 -1.436200523376464844e+01
