1.853632141113281406e+01 3.213235595703125114e+01
1.853596343994140483e+01 3.213153808593749972e+01
1.853511314392089915e+01 3.213018066406250028e+01
1.853404647827148466e+01 3.212842529296874972e+01
1.853267181396484276e+01 3.212611816406249687e+01
1.853087875366210824e+01 3.212311523437499972e+01
1.852858760833740348e+01 3.211944335937499773e+01
1.852574211120605341e+01 3.211484619140625085e+01
1.852214050292968750e+01 3.210920898437500171e+01
1.851765716552734276e+01 3.210080078125000114e+01
1.851007064819335923e+01 3.208693115234375171e+01
1.849909934997558736e+01 3.206961914062500085e+01
1.848583053588867031e+01 3.204916992187499858e+01
1.847062499999999829e+01 3.202665283203125313e+01
1.845481521606445341e+01 3.200410156249999716e+01
1.843728515624999886e+01 3.197678466796875085e+01
1.841687324523925895e+01 3.194655761718750142e+01
1.839438003540039190e+01 3.191237304687500043e+01
1.836880462646484347e+01 3.187332763671874858e+01
1.833786174774169808e+01 3.182162597656250114e+01
1.829763885498046960e+01 3.176003173828124915e+01
1.825001922607421889e+01 3.168230957031250128e+01
1.818827583312988239e+01 3.157764160156250099e+01
1.810261978149414119e+01 3.143472656249999986e+01
1.799091735839843764e+01 3.123710205078124957e+01
1.781454647064208885e+01 3.089461914062500014e+01
1.752853507995605398e+01 3.043727539062500043e+01
1.712229324340820469e+01 2.957501464843749872e+01
1.638258514404297017e+01 2.840625976562499844e+01
1.540396278381347628e+01 2.628149414062500000e+01
1.372460254669189439e+01 2.313137939453125114e+01
1.179416046142578089e+01 1.971371337890624886e+01
9.565856170654296164e+00 1.555064331054687443e+01
8.007173805236815767e+00 1.278009399414062486e+01
7.559279747009277628e+00 1.188621826171874929e+01
7.267990074157714808e+00 1.153960571289062464e+01
6.760782566070556499e+00 1.083596679687500064e+01
6.239697608947754048e+00 9.931394042968749503e+00
5.776747894287109553e+00 9.104487304687500782e+00
5.377127609252929652e+00 8.425498046874999147e+00
5.040699043273925817e+00 7.834523315429687607e+00
4.757308444976806605e+00 7.377135009765624751e+00
4.507292900085449361e+00 7.006198730468749858e+00
4.282382431030273828e+00 6.599268188476562713e+00
4.081605186462402557e+00 6.254338378906250107e+00
3.898094301223754776e+00 5.992426757812499893e+00
3.731211547851562393e+00 5.747091674804687855e+00
3.580148391723632972e+00 5.434969482421874609e+00
3.440786533355713050e+00 5.259314575195312536e+00
3.313889904022216726e+00 5.025767822265624574e+00
3.197040719985961843e+00 4.829026184082031214e+00
3.091350135803222710e+00 4.624661865234375391e+00
2.993307628631591832e+00 4.390302124023437891e+00
2.900569868087768732e+00 4.325574340820312891e+00
2.816117773056030060e+00 4.285776367187500213e+00
2.742538251876831090e+00 4.069223632812500213e+00
2.672997264862060351e+00 4.000400085449218324e+00
2.608157262802123899e+00 3.820383911132812393e+00
2.552289752960204883e+00 3.748996887207031392e+00
2.499846315383911222e+00 3.705767822265625178e+00
2.453189115524291974e+00 3.585676269531250071e+00
2.412317409515380984e+00 3.543664550781250089e+00
2.375292625427245952e+00 3.467777099609374858e+00
2.341890316009521467e+00 3.409344482421874822e+00
2.312994451522827344e+00 3.408682556152343945e+00
2.287501087188720916e+00 3.320659790039062642e+00
2.264059085845947283e+00 3.297611389160156392e+00
2.242895889282226385e+00 3.280114440917968555e+00
2.223161706924438263e+00 3.296290893554687518e+00
2.207085170745849645e+00 3.252482299804687393e+00
2.192256336212158097e+00 3.212688598632812642e+00
2.179459562301635955e+00 3.157800292968750089e+00
2.169084014892578072e+00 3.119248046875000124e+00
2.159822607040405185e+00 3.146437988281249876e+00
2.151375169754028427e+00 3.096150817871093697e+00
2.144508666992187340e+00 3.076402587890624929e+00
2.139234180450439560e+00 3.066781921386718679e+00
2.134822788238525337e+00 3.057048645019531108e+00
2.130573959350586133e+00 3.064088745117187429e+00
2.127566823959350373e+00 3.057647399902343910e+00
2.124237680435180575e+00 3.040777587890624911e+00
2.121512737274169780e+00 3.052710571289062536e+00
2.119194898605346822e+00 3.044067993164062624e+00
2.117087974548339968e+00 3.060679321289062393e+00
2.115370626449585068e+00 3.064155273437500160e+00
2.113869237899780096e+00 3.052053222656249787e+00
2.112673287391662491e+00 3.052586059570312482e+00
2.111559848785400373e+00 3.049996948242187589e+00
2.110814704895019656e+00 3.047410278320312305e+00
2.109807395935058505e+00 3.041743774414062518e+00
2.109234867095947319e+00 3.040817260742187500e+00
2.108320503234863086e+00 3.041910400390625213e+00
2.108205642700195170e+00 3.031975708007812464e+00
2.108192501068115288e+00 3.031975708007812464e+00
2.107914481163025044e+00 3.036986389160156286e+00
2.107664804458618146e+00 3.037981262207031463e+00
2.107635078430175835e+00 3.037981567382812553e+00
2.107689819335937464e+00 3.035475158691406161e+00
2.107684230804443448e+00 3.035474853515625071e+00
2.107684164047241016e+00 3.035475158691406161e+00
