2.491337639093399048e+01 2.419342283630371071e+01
2.505627501010894775e+01 2.418885017395019688e+01
2.482513648271560669e+01 2.418300338745117273e+01
2.399153047800064087e+01 2.417614547729492358e+01
2.484132498502731323e+01 2.416654611206054781e+01
2.461933445930480957e+01 2.415385928344726452e+01
2.427313470840454102e+01 2.413743940734863358e+01
2.511116385459899902e+01 2.411638584899902327e+01
2.451162487268447876e+01 2.408759548950195395e+01
2.506364756822586060e+01 2.404633050537109540e+01
2.462478852272033691e+01 2.399488769531249943e+01
2.502556419372558594e+01 2.392886909484863267e+01
2.406781953573226929e+01 2.384487380981445170e+01
2.490350574254989624e+01 2.372076989746093645e+01
2.376234704256057739e+01 2.353411444091796767e+01
2.375351941585540771e+01 2.318268124389648577e+01
2.362582796812057495e+01 2.234343841552734489e+01
2.200712382793426514e+01 2.010509713745117111e+01
1.843872413039207458e+01 1.380700076293945244e+01
9.115574508905410767e+00 4.024273937225341768e+00
3.049762450158596039e+00 2.786832403182983420e+00
2.512527950108051300e+00 2.548408086776733583e+00
2.397460401058197021e+00 2.513287723541259844e+00
2.402481358498334885e+00 2.513657494544982995e+00
2.509919710457324982e+00 2.495012830734252951e+00
2.403913889080286026e+00 2.487131772994995327e+00
2.271755106747150421e+00 2.487096603393554872e+00
2.433525126427412033e+00 2.487344318389892450e+00
2.339090220630168915e+00 2.486165887832641808e+00
2.411822885274887085e+00 2.483051925659179648e+00
2.318493355065584183e+00 2.504211154937744155e+00
2.425112947821617126e+00 2.484714530944824418e+00
2.314981404691934586e+00 2.483870653152465913e+00
2.451606776565313339e+00 2.513173599243164080e+00
2.483758341521024704e+00 2.482982021331787248e+00
2.351431816816329956e+00 2.542390824317932285e+00
2.399435907602310181e+00 2.484087308883666800e+00
2.381232276558876038e+00 2.487798775672912743e+00
2.259896770119667053e+00 2.494801162719726406e+00
2.352493643760681152e+00 2.493292215347290064e+00
2.464209139347076416e+00 2.487132186889648544e+00
2.323323003947734833e+00 2.484607875823974688e+00
2.324775364249944687e+00 2.494015356063842948e+00
2.432009011507034302e+00 2.484851074218750178e+00
2.267676547169685364e+00 2.486015960693359172e+00
2.324675709009170532e+00 2.508567890167236136e+00
2.293449487537145615e+00 2.483239415168762232e+00
2.436848219484090805e+00 2.495022537231445181e+00
2.381958473473787308e+00 2.485485956192016399e+00
2.313259888440370560e+00 2.516545570373535323e+00
2.375495668500661850e+00 2.514360939025878761e+00
2.382603477686643600e+00 2.484962879180908413e+00
2.275725308805704117e+00 2.494124752044677873e+00
2.231430571526288986e+00 2.557704829216003617e+00
2.343765255063772202e+00 2.491589382171631062e+00
2.459315516054630280e+00 2.499613174438476637e+00
2.482670672237873077e+00 2.482900497436523413e+00
2.305407401174306870e+00 2.523585872650146555e+00
2.248778805136680603e+00 2.505735454559326225e+00
2.367147635668516159e+00 2.487799011230468871e+00
2.317757237702608109e+00 2.489166427612304666e+00
2.291295684874057770e+00 2.495677547454834055e+00
2.461276587098836899e+00 2.484345973968505650e+00
2.454256445169448853e+00 2.483207462310791147e+00
2.295436568558216095e+00 2.513197177886962841e+00
2.376396980136632919e+00 2.488732051849365412e+00
2.393830139189958572e+00 2.483774727821350226e+00
2.233314950019121170e+00 2.521573581695556676e+00
2.363868571817874908e+00 2.483778312683105671e+00
2.292028017342090607e+00 2.491862186431884840e+00
2.399142146110534668e+00 2.492260916709899909e+00
2.451796397566795349e+00 2.506395277023315327e+00
2.487542323768138885e+00 2.485988457679748631e+00
2.166970178484916687e+00 2.486733568191528132e+00
2.410104300826787949e+00 2.490089469909667841e+00
2.482823405414819717e+00 2.483757705688476758e+00
2.190856106579303741e+00 2.496432617187500203e+00
2.256398629397153854e+00 2.505242193222045888e+00
2.536307580769062042e+00 2.490431744575500428e+00
2.480611782521009445e+00 2.483144039154052685e+00
2.337662503123283386e+00 2.484133956909179819e+00
2.321283441036939621e+00 2.496477479934692489e+00
2.241131551563739777e+00 2.499102813720702976e+00
2.350901521742343903e+00 2.493271947860717930e+00
2.165026105940341949e+00 2.499025334358215389e+00
2.425225947052240372e+00 2.504036194801330772e+00
2.338665906339883804e+00 2.500019859313964865e+00
2.323865935206413269e+00 2.496693085670471213e+00
2.355749774724245071e+00 2.491504184722900472e+00
2.341670319437980652e+00 2.489395141601562500e+00
2.366855207830667496e+00 2.488048043251037456e+00
2.299662422388792038e+00 2.487038661956787244e+00
2.236354306340217590e+00 2.488048030853271531e+00
2.309103410691022873e+00 2.489193740844726666e+00
2.435370799154043198e+00 2.489288970947265422e+00
2.391529262065887451e+00 2.489238311767578260e+00
2.347001314163208008e+00 2.489238307952880813e+00
2.374816711992025375e+00 2.489238346099853505e+00
2.271118175238370895e+00 2.489238342285156058e+00
2.296321731060743332e+00 2.489238300323486364e+00
