6.016078201355412602e-02 5.820575891993939877e-02
5.419360345695167780e-02 4.894785274518653750e-02
4.208951600594446063e-02 3.794881026260554790e-02
3.255093796178698540e-02 2.596839331090450287e-02
2.326491160783916712e-02 2.020827002706937492e-02
1.784677432442549616e-02 1.260827769874595106e-02
1.232995116151869297e-02 1.219193944416474551e-02
1.218592954683117568e-02 1.214801504102069885e-02
9.322686732048168778e-03 7.956966495839878917e-03
8.121588354697450995e-03 7.954055021400563419e-03
7.952120482514146715e-03 7.845954060030635446e-03
6.853808205050881952e-03 4.359087477496359497e-03
2.863667734345654026e-03 2.292027300427434966e-03
2.172583364881575108e-03 2.116012543410761282e-03
2.022014981776010245e-03 1.833471444115275517e-03
1.731519663735525683e-03 1.677116359132924117e-03
1.658151268202345818e-03 1.635038590393378399e-03
1.636279946978902444e-03 1.613595828530378640e-03
1.577852590344264172e-03 1.617086265468969941e-03
1.634802825719816610e-03 1.587199862115085125e-03
1.583032802955131046e-03 1.593201051946380176e-03
1.586802452948177233e-03 1.601581927388906479e-03
1.623347114218631759e-03 1.566701786941848695e-03
1.555814449602621607e-03 1.577357197675155476e-03
1.572637864228454418e-03 1.575423500980832614e-03
1.584345531227882020e-03 1.576467228005640209e-03
1.568582900290493853e-03 1.569036319779115729e-03
1.559782271215226501e-03 1.562035957249463536e-03
1.548082433146191761e-03 1.561114517244277522e-03
1.570546715811360627e-03 1.557389980007428676e-03
1.531772664748132229e-03 1.557097319164313376e-03
1.539147180665167980e-03 1.552930247271433473e-03
1.534681818156968802e-03 1.546079003674094565e-03
1.531732186776935123e-03 1.529793082227115519e-03
1.506919246821780689e-03 1.530223364170524292e-03
1.540567714982898906e-03 1.553167237943853252e-03
1.537546528197708540e-03 1.539400444016791880e-03
1.524686480479431339e-03 1.531020599941257387e-03
1.516092755991849117e-03 1.520268466265406460e-03
1.525835074062342755e-03 1.533096783532528207e-03
1.523299299151403829e-03 1.522445820228313096e-03
1.522583708720048890e-03 1.515975285656168126e-03
1.510742475147708319e-03 1.524767974842689000e-03
1.529188515632995404e-03 1.521895932455663569e-03
1.529507069790270180e-03 1.531550178697216325e-03
1.521884527392103337e-03 1.526705153082730249e-03
1.505930764324148186e-03 1.521844014860107563e-03
1.506087246525567025e-03 1.525082923762965947e-03
1.507128637967980467e-03 1.520460673418710940e-03
1.539427883471944369e-03 1.528210692413267680e-03
