2.510105818510055542e+01 2.559023466491699139e+01
2.454935693740844727e+01 2.558705233764648312e+01
2.536482673883438110e+01 2.558322012329101725e+01
2.459254628419876099e+01 2.557849087524413889e+01
2.536034715175628662e+01 2.557233145141601582e+01
2.447737050056457520e+01 2.556440849304199148e+01
2.523798918724060059e+01 2.555426617431640679e+01
2.565772718191146851e+01 2.554142332458496156e+01
2.540758240222930908e+01 2.552574334716796756e+01
2.529883849620819092e+01 2.550658589935302700e+01
2.482906240224838257e+01 2.548346104431152170e+01
2.530047625303268433e+01 2.545559429931640594e+01
2.494616603851318359e+01 2.542282563781738247e+01
2.468041014671325684e+01 2.538341189575195145e+01
2.498826885223388672e+01 2.533327810668945190e+01
2.466590189933776855e+01 2.524958589172363332e+01
2.499398249387741089e+01 2.509440950012206883e+01
2.538132327795028687e+01 2.474750045776367102e+01
2.419103574752807617e+01 2.382421035766601491e+01
2.236891871690750122e+01 2.126431170654296920e+01
1.812275737524032593e+01 1.451985945129394473e+01
8.949212014675140381e+00 4.350124374389648274e+00
3.160689614713191986e+00 2.622693445205688256e+00
2.565494503825902939e+00 2.372979072570800874e+00
2.363671924918889999e+00 2.304018453598022376e+00
2.442619893699884415e+00 2.288755817413330007e+00
2.408130686730146408e+00 2.279798015594482585e+00
2.261571466922760010e+00 2.284591567993163874e+00
2.355735048651695251e+00 2.293266841888427887e+00
2.383152216672897339e+00 2.276955417633056644e+00
2.137472555041313171e+00 2.283364833831786900e+00
2.594838026911020279e+00 2.277274787902832109e+00
2.381274085491895676e+00 2.279638473510742003e+00
2.363669175654649734e+00 2.284101142883300906e+00
2.437492340803146362e+00 2.302470393180847008e+00
2.450842961668968201e+00 2.278493764877319361e+00
2.438686195760965347e+00 2.278551200866699045e+00
2.390410419553518295e+00 2.279338252067566017e+00
2.366596616804599762e+00 2.317382263183593860e+00
2.418368216603994370e+00 2.279570667266845874e+00
2.434914346784353256e+00 2.298911849975585842e+00
2.228446476161479950e+00 2.315175941467285003e+00
2.355082329362630844e+00 2.279684225082397653e+00
2.338659211993217468e+00 2.278785060882568381e+00
2.372518278658390045e+00 2.280431998252868464e+00
2.541435081511735916e+00 2.293789978027343857e+00
2.333916343748569489e+00 2.276980400085449219e+00
2.410205408930778503e+00 2.282557491302490416e+00
2.294448990374803543e+00 2.284973648071288999e+00
2.393844339996576309e+00 2.281217988967895405e+00
2.236048068851232529e+00 2.280733615875244258e+00
2.500085674226284027e+00 2.289419788360595565e+00
2.287965241819620132e+00 2.299477741241454876e+00
2.413196980953216553e+00 2.284868988037109361e+00
2.468597941100597382e+00 2.280742899894714348e+00
2.342947427183389664e+00 2.278521060943603516e+00
2.365220580250024796e+00 2.284735835075378585e+00
2.440372817218303680e+00 2.290845243453979663e+00
2.368552915751934052e+00 2.279726348876953246e+00
2.379193197935819626e+00 2.278874389648437582e+00
2.352367464452981949e+00 2.277498675346374402e+00
2.342408899217844009e+00 2.276705432891845682e+00
2.233913924545049667e+00 2.277654830932617003e+00
2.247708573937416077e+00 2.277494488716125698e+00
2.233119074255228043e+00 2.277943157196045121e+00
2.375934753566980362e+00 2.284402017593383682e+00
2.305643986910581589e+00 2.276902997970581044e+00
2.351640097796916962e+00 2.276725454330444265e+00
2.393206991255283356e+00 2.279981277465820355e+00
2.450179476290941238e+00 2.280342602729797274e+00
2.345001358538866043e+00 2.288663467407226371e+00
2.384717028588056564e+00 2.280714448928832905e+00
2.325486849993467331e+00 2.277238886833190978e+00
2.365604631602764130e+00 2.283979543685913161e+00
2.321618001908063889e+00 2.278584850311279109e+00
2.420077465474605560e+00 2.278544353485107532e+00
2.246308386325836182e+00 2.282364124298095653e+00
2.476292051374912262e+00 2.280062783241271873e+00
2.335139106959104538e+00 2.277838954925536896e+00
2.440253648906946182e+00 2.282176245689392147e+00
2.437127731740474701e+00 2.286193290710449411e+00
2.447552274912595749e+00 2.287931374549865726e+00
2.485961198806762695e+00 2.289191030502319535e+00
2.264303911477327347e+00 2.281808134078979311e+00
2.349741030484437943e+00 2.278621612548828335e+00
2.266814000904560089e+00 2.277734096527099794e+00
2.316379025578498840e+00 2.278514449119567686e+00
2.461667452007532120e+00 2.278898033142089830e+00
2.356759354472160339e+00 2.279622677803039732e+00
2.452948551625013351e+00 2.280129955291748001e+00
2.353779837489128113e+00 2.281100219726562628e+00
2.410409536212682724e+00 2.282526014328003061e+00
2.405135601758956909e+00 2.283102951049804652e+00
2.422898888587951660e+00 2.283291238784789901e+00
2.287045389413833618e+00 2.283291247367858823e+00
2.611436869949102402e+00 2.283275329589843583e+00
2.347727801650762558e+00 2.282745506286620873e+00
2.432610787451267242e+00 2.282539007186889624e+00
2.434581927955150604e+00 2.282539021492004494e+00
2.329369239509105682e+00 2.282538997650146673e+00
