2.439274868811480701e-02 2.370716926816385239e-02
2.233787412114907056e-02 2.047717967070639133e-02
1.776864100247621536e-02 1.453129201399860904e-02
1.114188469364307821e-02 8.405770095123443753e-03
7.764156540361000225e-03 7.547709505161037669e-03
7.548137764388229698e-03 7.536972749221604317e-03
7.516688925534253940e-03 7.513039145123912022e-03
7.546147124230628833e-03 7.509006853069877252e-03
7.457493120455183089e-03 6.950254053663229570e-03
4.911275173071771860e-03 2.169822801988630090e-03
1.618368935851322021e-03 1.571254605551075656e-03
1.531561709271045402e-03 1.504689614193921443e-03
1.523040923530061264e-03 1.547526998365356121e-03
1.494503670983249322e-03 1.508998604549560696e-03
1.483265940805722494e-03 1.515561401902232319e-03
1.469432887461152859e-03 1.458369726606179029e-03
1.462016407458577305e-03 1.445529270313272718e-03
1.475905837651225738e-03 1.445493136998265982e-03
1.463116756895033177e-03 1.449508894438622519e-03
1.460413905078894459e-03 1.440096346414065920e-03
1.455384797736769542e-03 1.444392673874972388e-03
1.418059630850621033e-03 1.395711161421786528e-03
1.440752401322242804e-03 1.463366544157906901e-03
1.421689468770637177e-03 1.382589662171085365e-03
1.387480664561735466e-03 1.353433494841738138e-03
1.364878929962287657e-03 1.349485858554544393e-03
1.340996426733909175e-03 1.318802668720309157e-03
1.327132332335168030e-03 1.298205204875557683e-03
1.315200853241549339e-03 1.282260809603030793e-03
1.305127929299487732e-03 1.280174283238011412e-03
1.292600937631505076e-03 1.244582645085756667e-03
1.256725246093992610e-03 1.276515139579714742e-03
1.267122392164310440e-03 1.255539195881283376e-03
1.259110491901083151e-03 1.309641771513270214e-03
1.230004116223426536e-03 1.236367618730582763e-03
1.245447057044657413e-03 1.228460205311421305e-03
1.231348138389876112e-03 1.238086680132255424e-03
1.234045098499336746e-03 1.197262562527612317e-03
1.214070378409815021e-03 1.153677495949523291e-03
1.199716679366247263e-03 1.197164771383540938e-03
1.164220286227646284e-03 1.287617079469782766e-03
1.231485951393551659e-03 1.164282483387069078e-03
1.195373848076997092e-03 1.291634057452029083e-03
1.142423331202735426e-03 1.168536040950129973e-03
1.140006299010565272e-03 1.080777659808518365e-03
1.158588514044822659e-03 1.079114925687463256e-03
1.144822731930617010e-03 1.141462200394016691e-03
1.138296985573106213e-03 1.322240840636368375e-03
1.128091353166382760e-03 1.126928460507770069e-03
1.133579746237955987e-03 1.085244886780856177e-03
1.111115458570566261e-03 1.060274432347796392e-03
1.095470256586850155e-03 1.016685603644873481e-03
1.122097884490358410e-03 1.024807061185128987e-03
1.130106149958010064e-03 1.061408959685650188e-03
1.072955396011820994e-03 1.114841343678563135e-03
1.121208229506009957e-03 1.080546105185931083e-03
1.055073431416531093e-03 1.164059797702066135e-03
1.088524591523309937e-03 1.101952720091503579e-03
1.082902634152560495e-03 1.148248996742040617e-03
1.036379461311298655e-03 1.055409699802112300e-03
1.056549061104306020e-03 9.854971685854252428e-04
1.070120911663252627e-03 1.022387033117411193e-03
1.056786225944961188e-03 1.350781799374090042e-03
1.024912661250709789e-03 1.015177406316070119e-03
1.036004277011670638e-03 9.257322144549107179e-04
1.028136765398812713e-03 9.979471492442826275e-04
1.021357685203838628e-03 9.411764394826604985e-04
1.018232790102047147e-03 9.288817450396891218e-04
1.027022923153708689e-03 1.158085511178796878e-03
1.008331978937349049e-03 9.180790762002288830e-04
1.012378838822769467e-03 9.604209190001711249e-04
1.012593780615134165e-03 9.521528768345888238e-04
9.819347610573458951e-04 9.725452168822812382e-04
1.013404894365521614e-03 8.883690024958923459e-04
9.858638773039274383e-04 9.697042837615299504e-04
9.995389495998097118e-04 1.186456634059140924e-03
9.631928055569005664e-04 8.695927676853898447e-04
9.857325403572758660e-04 8.793164543021703139e-04
9.530337497380969580e-04 8.828456625451508444e-04
9.502456027803418692e-04 9.348691773993778042e-04
9.396317695973266382e-04 8.697103862687072251e-04
9.281458060286240652e-04 9.600359830983506981e-04
9.470120412515825592e-04 8.518432032360578887e-04
9.379064354106958490e-04 8.997877121146302670e-04
9.012222635647049174e-04 8.430219882029632572e-04
9.399760024280112702e-04 8.854600664562894963e-04
9.446372387174051255e-04 8.631087785033741966e-04
9.084568609978305176e-04 9.041028815772733651e-04
8.853297476889565587e-04 9.173631988232955337e-04
9.008734809867746662e-04 8.549202470931049902e-04
8.926510104174667504e-04 8.175575512723298743e-04
8.897085162971052341e-04 8.267374973911501002e-04
8.934925895118794870e-04 9.051555434780311771e-04
8.843438249641621951e-04 1.027083443659648765e-03
8.517358182871248573e-04 7.958164696901803836e-04
8.707389924893504940e-04 8.708073628440615721e-04
9.024511309689842165e-04 8.511920686942175962e-04
8.512613512721145526e-04 8.342859400727320462e-04
8.676265770191093907e-04 9.568503937771311030e-04
8.509999743182561360e-04 9.262973812838026788e-04
8.669846429256722331e-04 7.675511828892922495e-04
8.466249878438247833e-04 8.315780496559455059e-04
8.377339281651074998e-04 1.083109421415429097e-03
8.780093871791905258e-04 7.988040920281491708e-04
8.317451561197231058e-04 8.681432832418067846e-04
8.393982443521963432e-04 9.893075889522151556e-04
8.634597725176718086e-04 7.910781687314738519e-04
8.123355823954625521e-04 7.747057511551247444e-04
8.187613989321107510e-04 7.273159862961620092e-04
8.223694790103763808e-04 7.907892663752136286e-04
8.214655481424415484e-04 7.480740450773737393e-04
8.317196657117165159e-04 7.639833997927780729e-04
8.277791994260041974e-04 8.707471365596575197e-04
8.109823102131485939e-04 7.926429507278953679e-04
7.867032522881345358e-04 7.256892617988341954e-04
7.878707961026520934e-04 7.973412739374907687e-04
8.057350391936779488e-04 8.389602667193685193e-04
7.880087264311441686e-04 8.200277275136613753e-04
8.048379322644905187e-04 7.864419071665906813e-04
7.943851860545692034e-04 8.023425830288033467e-04
7.652877484360942617e-04 7.223753618745831773e-04
7.603263420605799183e-04 8.286541938105074223e-04
7.832743290236976463e-04 7.260169909386604559e-04
7.673166173844947480e-04 7.137799798329069745e-04
7.433577757183229551e-04 7.951332040647685062e-04
7.648150076420279220e-04 7.460256906597351190e-04
7.652622985006019007e-04 7.849052117308019660e-04
7.601855841130600311e-04 7.875723858887795359e-04
7.356981441262178123e-04 7.646610738447634503e-04
7.276838100551685784e-04 7.951660659273329657e-04
7.311339404623140581e-04 6.835324393250630237e-04
7.514342364629555959e-04 8.619846275905729271e-04
7.318852885873639025e-04 6.896275685903674457e-04
7.369946688413619995e-04 6.791368423364474438e-04
7.475250258721644059e-04 7.383224060504289810e-04
7.164373582781990990e-04 6.918445601513667498e-04
7.181772398325847462e-04 7.189238431237754412e-04
7.321583548218768556e-04 7.018588448772788979e-04
7.007569452071038540e-04 7.113919623407127801e-04
7.323980885303171817e-04 7.146330499381292611e-04
7.296869976016751025e-04 6.761564377484319266e-04
6.963726032154227141e-04 7.166932650761737023e-04
6.995131229814433027e-04 7.781856220390181988e-04
6.946487510504084639e-04 6.999894389991823118e-04
7.059239355839963537e-04 6.625944174629694317e-04
6.711363475915277377e-04 6.447614928219991270e-04
6.676907355540606659e-04 6.280712052557646530e-04
6.514665039958345005e-04 5.949363207946589682e-04
6.432471864172839560e-04 6.325348178961576195e-04
6.267527342060930096e-04 6.106379012180696009e-04
6.050255244645086350e-04 6.764379081687366124e-04
6.377803906616463792e-04 6.027095801073301118e-04
6.163300479329336667e-04 6.367858327394060325e-04
6.045844570508052129e-04 6.154146676635718904e-04
5.796399607334024040e-04 5.683786405370483408e-04
5.746793178786901990e-04 7.156240740187058691e-04
5.948974810507934308e-04 5.676766641045105644e-04
5.653531020470836665e-04 5.759952523476385977e-04
5.787818963653990068e-04 5.808438518215552904e-04
5.721092384192161262e-04 5.689671313575672684e-04
5.838649285578867421e-04 5.571490062266093446e-04
5.635285926928190747e-04 5.571430024247092661e-04
5.749646934418706223e-04 5.440608897515630815e-04
5.606708261893800227e-04 5.878247848158935085e-04
5.826161577715538442e-04 5.473835853990749456e-04
5.739629552863334538e-04 5.531723597869131481e-04
5.551956669478386175e-04 5.945280718151479959e-04
5.623252297937142430e-04 5.536147700695437379e-04
5.492395293913432397e-04 5.982288528230128577e-04
5.480678630647162208e-04 5.697843880625441670e-04
5.450435794500663178e-04 5.422072922556253616e-04
5.501435741734894691e-04 5.265570923711493379e-04
5.426273039574880386e-04 5.525807425783568760e-04
5.303065718180732802e-04 5.570358350723836338e-04
5.329890439043083461e-04 5.492932159540941939e-04
5.424231442248128587e-04 5.387739133766444866e-04
5.315217756560741691e-04 5.365866145439213142e-04
5.444353766961285146e-04 5.682973658167611575e-04
5.243796811100764899e-04 5.492439245244895574e-04
5.344812559542333474e-04 5.431015465546806809e-04
5.329902216999471420e-04 5.012398887629387900e-04
5.388006868543016026e-04 5.217352168074285146e-04
5.119989680224534823e-04 5.154185791980125941e-04
5.237179980213113595e-04 5.042723430506157456e-04
5.335546807145874482e-04 5.037025898673164193e-04
5.235059975348121952e-04 5.099652910303120734e-04
5.133508348080795258e-04 5.454798811115324497e-04
5.081792883174784947e-04 5.180353839477902511e-04
5.012075910144631052e-04 5.315353328114724718e-04
5.024056463298620656e-04 4.896712835034122691e-04
4.999977591069182381e-04 5.336247343166178325e-04
5.032669027968950104e-04 5.335428681974008214e-04
5.084185793293727329e-04 5.273878396110376343e-04
5.090763879707083106e-04 5.208904651681223186e-04
5.149602498022431973e-04 5.225644529218698153e-04
4.957194339567649877e-04 5.209446565004327567e-04
4.992954859517340083e-04 4.856623113482783083e-04
4.921714380543562584e-04 4.868952385095326463e-04
4.966955557392793708e-04 4.979534417088871123e-04
5.037627918227371993e-04 4.883892584075510968e-04
4.936021036883175839e-04 4.875203017036255915e-04
4.886924873517273227e-04 4.896838190688868053e-04
4.808851401776337298e-04 4.803945032563206041e-04
4.856346743054018589e-04 4.900921646822098410e-04
4.803360388905275613e-04 4.885746946001745528e-04
4.885793805442517623e-04 4.804725167559809051e-04
4.785630803780804854e-04 4.833531768326793099e-04
4.973026707375538535e-04 4.760546014495048439e-04
4.835729669139254838e-04 4.759038090469402960e-04
4.654277906865900150e-04 4.770607035879947944e-04
4.719904422927356791e-04 4.810302461919491179e-04
4.650823107112955768e-04 4.783018639500369318e-04
4.775594006787287071e-04 4.765229687109240331e-04
4.704097586909483653e-04 4.702333196746621979e-04
4.678833727211895166e-04 4.816801667857362190e-04
4.736847070034855278e-04 4.706977165369607974e-04
4.650997354929131689e-04 4.847093580337968888e-04
4.680315998939477140e-04 4.744991413190291496e-04
4.787379161825811025e-04 4.743700230847025523e-04
4.797309954938100418e-04 4.702121702848671703e-04
4.706674994849890936e-04 4.745345249830279499e-04
4.689126169523660792e-04 4.750380207951820921e-04
4.713384096248773858e-04 4.662477792862773640e-04
4.658159530208649812e-04 4.629683105576987145e-04
4.620687259375699796e-04 4.681289394738996634e-04
4.640944480343023315e-04 4.617196211711416254e-04
4.544043961232091533e-04 4.689805532507307362e-04
4.657034157844464062e-04 4.645425858598173363e-04
4.616661035470315255e-04 4.681319439896469703e-04
4.593431428929761751e-04 4.621192858849099139e-04
4.570925495954725193e-04 4.621346220119448844e-04
4.609892127973580500e-04 4.624708653864217922e-04
4.567720434351940639e-04 4.561839969028369524e-04
4.527994813088298542e-04 4.596667131409049034e-04
4.571264780679484829e-04 4.608357892266212730e-04
4.543467025541758630e-04 4.580264219384844182e-04
4.638322807295480743e-04 4.618927141564199701e-04
4.461424189230456250e-04 4.581264104217552813e-04
4.507257719978952082e-04 4.600214874699304346e-04
4.480278312257723883e-04 4.551536599137762096e-04
4.498088617310713744e-04 4.522577601164812222e-04
4.570301828152878443e-04 4.577527192850538995e-04
4.498886114561173599e-04 4.580379202252515825e-04
4.520070326634595403e-04 4.556718463391007390e-04
4.427972812663938385e-04 4.555168547994981054e-04
4.525059646312001860e-04 4.554803449536848348e-04
4.434971506270812824e-04 4.556553524253104115e-04
4.486650941544212401e-04 4.543851325706782518e-04
4.544210360108991154e-04 4.557682893846504157e-04
4.462296224119199906e-04 4.541413427432416938e-04
