6.858268603536998853e-03 6.529023172333836555e-03
5.806001387099968269e-03 4.992452420992776752e-03
4.330586174546624534e-03 3.772853462578495964e-03
3.399338762392289937e-03 3.191813088051276281e-03
3.148131538182497025e-03 3.124052887869765982e-03
3.111054889814113267e-03 3.112395585048943758e-03
3.113942751951981336e-03 3.108643555606249720e-03
2.656404428307723720e-03 1.736591046210378408e-03
1.678972706031345297e-03 1.669216707341547590e-03
1.667101348175492603e-03 1.664120961322623771e-03
1.658413683799153659e-03 1.663204160649911501e-03
1.649434461796772666e-03 1.649966851800854784e-03
1.091144658175835502e-03 3.951948867779719876e-04
3.918848019566212315e-04 3.962012001466064248e-04
3.879655239416024415e-04 3.904311272435734281e-04
3.847639059131324757e-04 3.798793577516335063e-04
3.863632321099430555e-04 3.745922706457349705e-04
3.721460891483729938e-04 3.672730165362736443e-04
3.667781993499374948e-04 3.670892012905824231e-04
3.629794421158294426e-04 3.578890373319154605e-04
3.604682435707218247e-04 3.518670509947696701e-04
3.480873601802159101e-04 3.452191106134705478e-04
3.470213423497625627e-04 3.351618267970479792e-04
3.382759448413708014e-04 3.365244776887266198e-04
3.271693367423722520e-04 3.159092448186129332e-04
3.152428062094259076e-04 3.025970074759243289e-04
3.084183006194507470e-04 3.104280608567933086e-04
3.034347241737123113e-04 3.150974330310418736e-04
3.040641040570335463e-04 2.975969515546239563e-04
3.010744044331659097e-04 2.920077753287841915e-04
2.996645723669644212e-04 3.023638926151761552e-04
2.954719406034200802e-04 2.918287960937959724e-04
2.935446228775617783e-04 2.839913881871325430e-04
2.865700274696791894e-04 2.943014244465302909e-04
2.934795880946694524e-04 2.929197748926526401e-04
2.952083143554773415e-04 3.301132451269950252e-04
2.926238779537015944e-04 2.984609682243899442e-04
2.916663439691546955e-04 2.786591280710126739e-04
2.858498206705917255e-04 2.888933076974353753e-04
2.840324466433230555e-04 2.861170349888197961e-04
2.850912990197684849e-04 2.924120749412395526e-04
2.869556959694818943e-04 2.839345205529753002e-04
2.840536184294251143e-04 2.797056920371687738e-04
2.850646541219248320e-04 2.885116465449755196e-04
2.790215939967310987e-04 2.725926780158260954e-04
2.798471522282852675e-04 2.739676453984429827e-04
2.836184988836976117e-04 2.669017238758897292e-04
2.835264576788176782e-04 2.692223675921923132e-04
2.780632854637588025e-04 2.734439698315327405e-04
2.654530004519983777e-04 2.532526710865568020e-04
2.428367736229120055e-04 2.089649022991579841e-04
1.946790081319704768e-04 1.877827223779604537e-04
1.908267112185058068e-04 1.667683367259087390e-04
1.856580181538447505e-04 1.791459033029241255e-04
1.707562534534190490e-04 1.653303975217568222e-04
1.665090733808938239e-04 2.016071896377980011e-04
1.659187328186817467e-04 1.735141720473620808e-04
1.645739146738378622e-04 1.510425892661260150e-04
1.727108852946912521e-04 1.582750984425729257e-04
1.683194543602439808e-04 1.544198273677466204e-04
1.642180233147882973e-04 1.506179960415465757e-04
1.640873538235609885e-04 1.731938322109272121e-04
1.593518987874631421e-04 1.505606730347608391e-04
1.614944584957811458e-04 1.532383986386776087e-04
1.616332737057746272e-04 1.481466032942080346e-04
1.598171517116497853e-04 1.526905676882961416e-04
1.571024758959538303e-04 2.341281809776774026e-04
1.580715079967376369e-04 1.531478473566494358e-04
1.608382124231866328e-04 1.601941181661459268e-04
1.575871516479310230e-04 1.561350895826763008e-04
1.584480896212880907e-04 1.518000354394644091e-04
1.505466821640766284e-04 1.458056679553010326e-04
1.536062565605789132e-04 1.560234236990254431e-04
1.524978301290502714e-04 1.442432962335260527e-04
1.473543139809407876e-04 1.427195421683791210e-04
1.471160901473922422e-04 1.460199605389789212e-04
1.507778524114655738e-04 1.349953192857356044e-04
1.527748271996642870e-04 1.491584159794001607e-04
1.462929555486880417e-04 1.712866104526256095e-04
1.462013347577340028e-04 1.342923876563872909e-04
1.396625242477966822e-04 1.416429479945691128e-04
1.464677795297575358e-04 1.312802951929370465e-04
1.410204840226469969e-04 1.563613851658374188e-04
1.381024726470059250e-04 1.364203857292523026e-04
1.360123191602724546e-04 1.392067161987142754e-04
1.446154955146994325e-04 1.300306702205489273e-04
1.375999938773020403e-04 1.357040112566210155e-04
1.359885314400344214e-04 1.294145338306407211e-04
1.379309757680857729e-04 1.305287856325776374e-04
1.359746025286767690e-04 1.387077577419404406e-04
1.375877581608619948e-04 1.353490213773511641e-04
1.274784354450275714e-04 1.320549112051594420e-04
1.323691603261067939e-04 1.250477603207400534e-04
1.308346934365545167e-04 1.270941750703968864e-04
1.296441699309980322e-04 1.183630615742004011e-04
1.282376748577007675e-04 1.553151498114857532e-04
1.269684756266542536e-04 1.099217069508995337e-04
1.254362849749668385e-04 1.189362141644778603e-04
1.250798034106992418e-04 1.286354448666315875e-04
1.259284391039727780e-04 1.218972171272980631e-04
1.246141167143832718e-04 1.132775796008900215e-04
1.201002198740752647e-04 1.151841182718271739e-04
1.179062425080701360e-04 1.117668878123367904e-04
1.240097799950490298e-04 1.080499220620367851e-04
1.191753337934642332e-04 1.345308384088639286e-04
1.135806604679601151e-04 1.288222466655497556e-04
1.149667571098689223e-04 1.169078108773646818e-04
1.115619923552912951e-04 1.078952356010631775e-04
1.139292606353592419e-04 1.225436030267701426e-04
1.134085442799914745e-04 1.100177009334402101e-04
1.099282748100449680e-04 1.085521072354822536e-04
1.087111054971501289e-04 1.048967718020321627e-04
1.040576925674940867e-04 1.134229195258740219e-04
1.087506660724102403e-04 9.853029490614062524e-05
1.081646988723150571e-04 1.015186488189101510e-04
1.001097904804737482e-04 1.123615318192605628e-04
1.003117780555840000e-04 9.283291961992290453e-05
1.059093482354001026e-04 9.777554771517316112e-05
1.009206387152516982e-04 9.680489216634668992e-05
1.036643325846853259e-04 1.033947990549677343e-04
1.002948521318103303e-04 1.030159019137499854e-04
1.039255240016245807e-04 1.148016100955828733e-04
9.844557649785201647e-05 9.325540281679423060e-05
9.769395740022446262e-05 9.669051536320694140e-05
9.797973171998819453e-05 1.178829913897061488e-04
9.588296495621762006e-05 8.752397303624093183e-05
9.120569112042176130e-05 8.411409277186976396e-05
9.648209652368677780e-05 1.013137738823388645e-04
9.237632463054978871e-05 1.085779131813069398e-04
8.977479490113182692e-05 9.043090443583423621e-05
8.933998606153181754e-05 9.067924366945590009e-05
9.176926340614954825e-05 8.756704227153022657e-05
9.155601486554587609e-05 8.113166404655203223e-05
8.976536477689478488e-05 8.521519808368793747e-05
8.028684288774456945e-05 8.665991367706737947e-05
8.431296680555533385e-05 7.273363686977063480e-05
8.409977016299308161e-05 8.744274390437567490e-05
8.042560605758808379e-05 8.185510333191814425e-05
7.982850323173806828e-05 7.763581075437286927e-05
8.002621407854348945e-05 7.866211774398834677e-05
8.206059291637757269e-05 7.779793847362270753e-05
7.503469558400865935e-05 7.151608633648720570e-05
7.307836287395730324e-05 7.097350990648010338e-05
7.763852829612005735e-05 9.958785386743329582e-05
7.191311942733591422e-05 8.981528293361407123e-05
7.262827645604374993e-05 7.030010871744707401e-05
7.335326284874099656e-05 7.720756772755521524e-05
7.046693221468558477e-05 8.621875201697548619e-05
6.685540552098245826e-05 7.036214827849107678e-05
6.834247093934209261e-05 6.638394924607382563e-05
7.158303264986898284e-05 6.702851811724030995e-05
6.644682972023474576e-05 7.061796239327122748e-05
6.663191487632502685e-05 6.040833432052750140e-05
6.364436151784502727e-05 6.185287119819804502e-05
6.684349136776290834e-05 6.701907233264137176e-05
6.130456540631712414e-05 8.514589137575967470e-05
6.405312947777019872e-05 5.871714506611169782e-05
5.906618508788596955e-05 8.102311602442568983e-05
6.388200827700529771e-05 5.497374874607885431e-05
5.983002012044380535e-05 7.160065621292233118e-05
6.278104700641051750e-05 6.271800069157507096e-05
5.842014860490962747e-05 5.807380560440833506e-05
5.770863566567641101e-05 5.258437533939286368e-05
6.013334024146388401e-05 6.728944498490818660e-05
5.795422529786264931e-05 5.377791200089632184e-05
5.838565508042847796e-05 5.527364780277821410e-05
5.518387297342997044e-05 5.657058983388196793e-05
5.536401712902261352e-05 4.870865933526147273e-05
5.282611834900308168e-05 6.978634803544991883e-05
5.454285371797595872e-05 5.349072517901731771e-05
5.321493318888315116e-05 4.937423156547993131e-05
5.562748981446929974e-05 5.334426515446466510e-05
5.334662324685268686e-05 8.332777696296034264e-05
5.174618672754149884e-05 4.787480474988115020e-05
5.094825300488992070e-05 6.798712229283410124e-05
4.951780431383667747e-05 4.610402766047627665e-05
4.954393742195861705e-05 4.982234744943525584e-05
5.071644881127213011e-05 5.511901079557901539e-05
4.994989123474624648e-05 6.323899199855986808e-05
4.635223692162071529e-05 4.872317646231749677e-05
4.653976030510875717e-05 4.683298013219427958e-05
4.691860996786090254e-05 4.685517347979839542e-05
4.681825402030881378e-05 4.434649088125297567e-05
4.555292639452090953e-05 4.483023477064307372e-05
4.539452201868243719e-05 5.590929919208065257e-05
4.579438558494075551e-05 4.291023493863121985e-05
4.611138696475336474e-05 4.243812212223474489e-05
4.376222365465309849e-05 4.527001048870715749e-05
4.275687497568014805e-05 4.541876018038237817e-05
4.736498937063515768e-05 4.864028446149859519e-05
4.401231228712276788e-05 4.633997659198030306e-05
4.122575265341765771e-05 4.280042504944958637e-05
4.072211287109439581e-05 4.593340736391837709e-05
4.339429024469154683e-05 4.381170663236844121e-05
4.257593666068260063e-05 4.032199393577684532e-05
4.338828729544275120e-05 4.564098709636255080e-05
4.291098524333847308e-05 4.087333965685502335e-05
4.104658520986959047e-05 4.022433678585457528e-05
3.954281260121206287e-05 3.803669977742174524e-05
3.982751972841924726e-05 3.944906987385365937e-05
3.837651891558380157e-05 3.935421125333959935e-05
3.928523697993568931e-05 3.815744994994929584e-05
3.886371578687430883e-05 3.903586454612195666e-05
3.779203869669345295e-05 3.792076287822965242e-05
3.901409905893160612e-05 3.743965676505922602e-05
3.645813318087220978e-05 3.842096529638183711e-05
3.800553291455344151e-05 3.683120809228057624e-05
3.779038750906238420e-05 3.784449590682470443e-05
3.735324922615745891e-05 3.616006709705743560e-05
3.677809790758601594e-05 3.711541400264195545e-05
3.620427956718685891e-05 3.532062568467608799e-05
3.627420464624719898e-05 3.845782431710631499e-05
3.796781133758031501e-05 4.004295632853427378e-05
3.494718453112000134e-05 3.534255776571626484e-05
3.451521797614987008e-05 3.491392638466095377e-05
3.372008292501504911e-05 3.645003685903702717e-05
3.442115654195276875e-05 3.509349390640181809e-05
3.346980365392937529e-05 3.695700812045288330e-05
3.367524688258072274e-05 3.790199453135301155e-05
3.376751335792960163e-05 3.400061901004391984e-05
3.292249073183484143e-05 3.407947352229712124e-05
3.430200679588324419e-05 3.577828476863942342e-05
3.329331553914016695e-05 3.420195760384103778e-05
3.318924439099646406e-05 3.339073862207442289e-05
3.308862427786607441e-05 3.327744147441080713e-05
3.291749997913484549e-05 3.474227662536577554e-05
3.295358747834598034e-05 3.375666602778437664e-05
3.283334309855945321e-05 3.369608349146346882e-05
3.258268871775271691e-05 3.415840096465672104e-05
3.144375608599148109e-05 3.356404188536998845e-05
3.165029812635111739e-05 3.360327718837652355e-05
3.232041778744587646e-05 3.350959063652680925e-05
3.146068070236651693e-05 3.294105607665187563e-05
3.249854496800708148e-05 3.257188528493770718e-05
3.030456214503374213e-05 3.266411505364885670e-05
3.146279186694300734e-05 3.307418832321218360e-05
3.094879376419612527e-05 3.266521298428415321e-05
3.069456437287954031e-05 3.248353013418636692e-05
3.123090263557060098e-05 3.201373247918581910e-05
3.101122105420017760e-05 3.171773795429544407e-05
3.133714498915196600e-05 3.245904947846156574e-05
3.086926112416676915e-05 3.192668488338767929e-05
3.103823470951283525e-05 3.227719230380898807e-05
3.052501165257126559e-05 3.179533396746592189e-05
3.052035822292964440e-05 3.206132170419095928e-05
2.990035952166181232e-05 3.180445959571898129e-05
3.093073414106584096e-05 3.188855612279439811e-05
3.074365434940773412e-05 3.196306806785287336e-05
3.067290309388681635e-05 3.182798241141426843e-05
3.133307438929477939e-05 3.184902065811456850e-05
