1.028509614116046578e-02 1.010414366464829072e-02
9.573877076036296785e-03 8.747655338083859533e-03
7.124890449631493539e-03 5.223874850344145671e-03
3.520107795338844880e-03 1.646775079279905185e-03
1.215753782162209973e-03 1.022470377847639611e-03
9.925807753461413085e-04 9.791136453713988885e-04
9.798643518479366321e-04 9.744329349814506713e-04
7.433136670442763716e-04 5.892049293834134005e-04
5.754526544023974566e-04 5.640471763399546035e-04
5.722676996811060235e-04 5.643546714964031707e-04
5.681555821865913458e-04 5.631187716517160879e-04
5.642591743253433378e-04 5.627694135910132900e-04
5.661157574650133029e-04 5.617247522877732990e-04
5.656306198034144472e-04 5.607755358596477890e-04
5.595500838353473227e-04 5.592706950210413197e-04
5.613137664113310166e-04 5.556293233439646428e-04
5.550615401261893567e-04 5.550421490170265315e-04
5.592363236246455926e-04 5.572799159381247591e-04
5.557000843054993311e-04 5.486061729698121781e-04
5.530800704036664683e-04 5.450421683690365171e-04
5.498515442923235241e-04 5.416697970304085175e-04
5.433169355910649756e-04 5.340280360996985110e-04
5.453448145544825820e-04 5.494240067491773516e-04
5.383743862239498412e-04 5.354201873615238583e-04
5.308018987761897733e-04 5.213001497850200394e-04
5.314320883371692616e-04 5.250623530628217850e-04
5.231021136751223821e-04 5.312056632646999788e-04
5.248861657491943333e-04 5.085373265956150135e-04
5.210378226365719456e-04 5.422917811301886104e-04
5.132164690166973742e-04 5.039018051320454106e-04
5.145755096691573272e-04 5.082206246243003989e-04
5.123694672874989919e-04 4.953706884407438338e-04
5.100110404328006553e-04 5.190951092117757071e-04
5.077851158148405375e-04 5.006670944567304105e-04
4.987876318409689702e-04 5.101287965771916788e-04
4.962209147834073519e-04 4.861397708282311214e-04
4.985175310139311478e-04 4.966251226505846716e-04
4.862893442805216182e-04 4.858064110067061847e-04
4.794084436525736237e-04 4.681066282046231208e-04
4.796557821009628242e-04 4.597174197442654986e-04
4.608846134033228736e-04 4.756629589337535435e-04
4.501286175582208671e-04 4.300500870613177540e-04
4.291443128749961033e-04 4.202843704206316033e-04
4.307481028718029847e-04 4.177721357336849906e-04
4.224426820655935444e-04 3.966285207752662245e-04
4.236449608470138628e-04 4.199341940420708852e-04
4.125543071040738141e-04 4.095215733741497388e-04
4.062082600739813643e-04 3.987565726220054785e-04
4.036194181935570668e-04 3.896703574355342425e-04
4.020192020561808022e-04 3.907311363491317024e-04
4.086853816716029542e-04 4.110060845050611533e-04
4.236233637584518874e-04 4.071691932949761394e-04
4.009426072570931865e-04 4.474740851492242655e-04
3.991357839367992710e-04 3.788558262840524549e-04
3.883286726704682223e-04 4.004222419098368846e-04
3.900523670381517150e-04 3.923731389932072489e-04
3.940787980809545843e-04 3.833954231140523916e-04
3.925219962184200995e-04 3.671206047783925897e-04
3.886733081799320644e-04 3.784518808060965966e-04
4.142277539358474314e-04 3.892107513365772320e-04
3.996697578259045258e-04 4.180272883331781486e-04
3.883770159518462606e-04 3.896944717780570500e-04
3.891540259246539790e-04 3.853589153095526854e-04
3.728948702246270841e-04 3.724000052898190916e-04
3.540442696703394176e-04 3.170107577261660481e-04
3.219333287916015252e-04 2.835526094031592947e-04
2.931387599574009073e-04 2.657346899468393531e-04
2.888721212457312504e-04 2.873911492997649475e-04
2.917323407700678217e-04 2.894135154747345950e-04
2.728617915863651433e-04 2.581145512294824584e-04
2.800654305019634194e-04 2.418624436586469528e-04
2.711621771140926285e-04 2.905360902332176920e-04
2.701758056673497777e-04 2.417329445734139881e-04
2.743710014101452543e-04 2.601725417434863630e-04
2.636179370938407374e-04 2.431739083021966508e-04
2.660921805954785668e-04 2.576336689799063606e-04
2.634449302831853856e-04 2.904328250679100165e-04
2.637635384417080786e-04 2.721149297713054693e-04
2.490164700930108665e-04 2.363221889254418784e-04
2.498816942306802957e-04 2.746954071426443988e-04
2.474039841899866587e-04 2.791128981698420830e-04
2.475458968547172844e-04 2.424171232178196078e-04
2.549907078446267406e-04 2.448660835625560139e-04
2.514219812610463123e-04 2.490225084557096125e-04
2.391497885128046619e-04 2.921843193917084136e-04
2.452600210745004006e-04 2.776168660147959599e-04
2.433890412021355587e-04 2.477394399420518312e-04
2.372970840269772452e-04 2.384888199458146119e-04
2.391504990555404220e-04 2.500197136896531447e-04
2.275312303936516400e-04 2.169589909044589149e-04
2.336998576311088982e-04 2.118095791274754447e-04
2.362279377621234744e-04 2.528195429931656690e-04
2.323481339772115462e-04 2.212412772450988996e-04
2.315692933052559965e-04 2.095320459147842485e-04
2.316387805194608518e-04 2.278929393924045144e-04
2.193382313180336496e-04 2.226482107516858377e-04
2.196783409544877941e-04 2.441260471641726326e-04
2.279473719681845978e-04 2.413495755035910406e-04
2.230552998980783741e-04 1.915581955245215795e-04
2.140840443871638854e-04 2.281937955785906524e-04
2.190236933756750659e-04 2.036990431406593416e-04
2.129419528955622809e-04 2.151725797148174024e-04
2.141244372069195379e-04 2.031666978155044490e-04
2.095530586530003347e-04 1.903220884287293302e-04
2.034543003901490010e-04 2.087015343477105489e-04
2.100650589227370801e-04 1.913819015726403450e-04
2.036820975490627461e-04 2.135312871587302652e-04
2.062485021951943054e-04 1.904075028278384707e-04
1.984478407166534453e-04 2.206638099551128107e-04
2.008515297120538889e-04 1.990434712979549658e-04
1.963089497394321370e-04 1.865702217855869094e-04
2.089632148454256821e-04 1.819349565721495310e-04
1.934834157282239175e-04 1.877431164984955103e-04
1.906593596459060791e-04 1.928769875121361110e-04
2.000314149199766689e-04 1.891720029334464925e-04
1.958117028380002012e-04 2.347413294501166092e-04
1.957454226158006350e-04 1.780056400093599223e-04
1.933568437380017713e-04 1.884122992805714603e-04
1.840013628680026159e-04 1.798162677459913539e-04
1.854497331805760041e-04 1.730023282107140403e-04
1.881364252085404587e-04 1.634612115140043898e-04
1.857681253341070260e-04 2.032908694218349410e-04
1.838016661395158735e-04 1.645748552050463331e-04
1.813181580700984341e-04 1.880100896869407734e-04
1.842514932377525838e-04 1.671463086836411094e-04
1.822268369551238720e-04 1.656485867442825111e-04
1.796211485043386347e-04 1.692749575568086584e-04
1.786049093652763986e-04 1.715812963993812446e-04
1.791838899407593999e-04 1.653204583931255911e-04
1.651186453273112420e-04 1.516208578209443658e-04
1.665827038550560246e-04 1.587819767223663803e-04
1.694053035521392303e-04 1.911936069518560544e-04
1.763228395361693401e-04 1.742520742027409142e-04
1.746115259493308258e-04 1.674123366228741361e-04
1.629107439384824829e-04 1.569506956684563193e-04
1.648388719104332267e-04 1.704368297623659601e-04
1.648866303298746061e-04 1.443804840164375491e-04
1.530463177346064185e-04 1.416590617395740992e-04
1.503822612107796886e-04 1.487580468619853491e-04
1.546619558894235524e-04 1.635410470726128551e-04
1.526738374195701908e-04 1.932293524760098080e-04
1.542532655207651260e-04 1.561955645001944504e-04
1.588006184647383634e-04 1.409592067034282081e-04
1.460361576164359576e-04 1.410190257615795417e-04
1.471764210236869985e-04 1.291150836095766863e-04
1.447124958531276206e-04 1.490943034809788514e-04
1.464055694100352412e-04 1.307323624928358186e-04
1.392058996430023399e-04 1.312964652697701240e-04
1.284405806245558779e-04 1.213121994396715309e-04
1.467352750523787108e-04 1.215013878663739888e-04
1.292302512752030452e-04 1.682583273350246600e-04
1.291761960828807787e-04 1.232279073519748636e-04
1.387314594012423186e-04 1.192556437104030920e-04
1.312324196760528139e-04 1.174525668261594546e-04
1.260376997151979594e-04 1.186504519523623458e-04
1.290197237153734022e-04 1.234830363046057755e-04
1.232939050623826915e-04 1.234854107110550103e-04
1.181969717549691268e-04 1.501830173538110103e-04
1.170669390830880729e-04 1.272944094807826332e-04
1.228172916398762027e-04 1.055323215268799686e-04
1.131740345385878754e-04 1.040632413946696033e-04
1.181958772349389619e-04 1.205286550316486682e-04
1.209660518384225725e-04 1.316699259632514440e-04
1.083013437437330140e-04 9.698403852098635980e-05
1.103880158552783541e-04 1.167910685921924596e-04
1.055164435683764168e-04 1.060485600987703947e-04
1.100207241506723221e-04 1.004745255386296776e-04
1.074076943723412114e-04 9.970170441420123097e-05
1.034877333836448088e-04 1.032484760798979551e-04
1.079318263350614870e-04 9.524493992785210139e-05
9.926346706379263196e-05 9.552440468496570247e-05
9.864288892913464224e-05 9.933030321462865686e-05
1.022803732553256850e-04 1.073759227097070834e-04
9.980481729598977836e-05 1.007632752134668408e-04
9.566228510493601789e-05 9.595433164122368908e-05
1.012837681173550664e-04 8.850014410199946724e-05
9.918912223838560749e-05 9.338334524500169209e-05
9.194863196171354502e-05 9.838496862357715145e-05
9.013890473852370633e-05 8.547863330932159442e-05
9.272833858631202020e-05 9.181022090842816397e-05
9.243645789069887542e-05 8.173896694074755942e-05
9.306381110718575655e-05 1.051702236622986675e-04
8.972251441718981368e-05 9.653591490632607020e-05
9.046097630971416947e-05 8.902821878109534737e-05
8.661741921400789579e-05 8.788222260136535624e-05
9.034612116920470726e-05 8.209912226675442071e-05
8.669025072549629840e-05 9.225705377957638120e-05
8.681252103315273416e-05 8.166148830923702917e-05
8.516715428186216741e-05 8.795558380825241329e-05
8.411942303609976079e-05 8.937671066178154433e-05
8.398360154160400270e-05 8.201324078527250094e-05
8.026990349208062980e-05 8.191588659656190430e-05
8.095290016285616730e-05 7.608721128349316132e-05
7.876000347550871084e-05 8.131288797130764578e-05
7.857285143586523191e-05 8.077212481794049381e-05
7.967568220124121581e-05 7.595791268499851867e-05
8.060519408559230214e-05 7.792382746174553176e-05
7.906611887165126973e-05 8.690687383250406128e-05
8.029085364569255034e-05 9.084439074058536789e-05
8.052558936810783052e-05 7.134181882406664954e-05
7.463611518687685020e-05 7.505600140689239197e-05
7.775359603101605899e-05 8.054544707647437463e-05
7.423802898642861692e-05 8.012829687231715070e-05
7.275365723558024911e-05 6.990291407760196307e-05
7.373838766966400726e-05 7.871987381236067449e-05
7.417353566552264965e-05 8.182969366998804617e-05
7.424651346354949055e-05 7.019536181473995384e-05
7.348176907839842897e-05 7.184993657460836403e-05
6.928593484190059826e-05 6.920923433995085361e-05
7.105392472794846981e-05 7.137571114412821771e-05
7.336572411986708175e-05 7.413701109726389404e-05
7.110216381533973617e-05 6.680744533582583244e-05
7.173508129199035466e-05 7.334326247132594290e-05
7.482582694251505018e-05 8.079229684199162875e-05
7.112252882279790356e-05 6.780315672472170263e-05
6.861843684191626380e-05 6.846280501804358209e-05
6.757751467034722737e-05 6.943133504933030054e-05
6.974868549036727927e-05 6.702075873477042478e-05
6.655180186498910189e-05 6.436772437723448093e-05
6.627041344131612277e-05 6.516640746667690109e-05
6.633586068005570269e-05 6.555613333603105275e-05
6.600209104590248899e-05 6.829780474504332233e-05
6.679869687786776922e-05 8.166386160723959620e-05
6.529264635446452303e-05 6.454226777918847802e-05
6.394748766069824342e-05 6.755322621643244929e-05
6.458557336941339599e-05 6.429067929047960206e-05
6.574146053139884316e-05 6.595033008238715411e-05
6.305704343390061695e-05 6.328770101049485675e-05
6.339173822311749973e-05 6.249664403412680258e-05
6.416932913566597563e-05 6.229231289012204797e-05
6.344287109527613211e-05 6.235375815322186099e-05
6.334603742175204388e-05 6.347788942662191403e-05
6.146575023535660875e-05 6.213927323983625683e-05
6.297710734770589625e-05 6.294091184599892586e-05
6.233445796510750370e-05 6.141672648141138779e-05
6.030053020822379040e-05 6.137518596460722620e-05
6.177485818170680432e-05 6.142857398572232341e-05
6.236137912196682009e-05 6.092965878679024172e-05
6.115004376283650345e-05 6.100600464264971379e-05
6.238208115405541321e-05 6.122157319055077096e-05
6.091435156463376188e-05 6.103408938429311092e-05
6.066594897902177763e-05 6.086012479045166401e-05
6.025310918289505935e-05 6.109978355084422219e-05
6.019535209134119214e-05 6.082258892092795577e-05
6.205851479990087682e-05 6.104267328055357211e-05
6.028276447977987118e-05 6.086110940373146150e-05
6.022901072810782352e-05 5.985844148881369620e-05
6.070535610547267424e-05 6.036923204533195531e-05
6.066502498924819520e-05 6.093694736364341225e-05
6.062643012683111010e-05 6.012546796796414128e-05
