5.369514130870811641e-02 5.384236008326212519e-02
5.332476727198809385e-02 5.313537282943725515e-02
5.164183117449283600e-02 4.992797730763753189e-02
4.607045350712724030e-02 4.106139027277628389e-02
3.409386602288577706e-02 3.001318448384602752e-02
2.676032733870670199e-02 2.198570898373921820e-02
1.538997827447019517e-02 1.201721595128377347e-02
1.108209256926784292e-02 1.076614367167154883e-02
1.065308710531098768e-02 1.054148965676625534e-02
1.037888845894485712e-02 9.043082324663798480e-03
7.157454809203045443e-03 6.538608018557230846e-03
6.473144690971821547e-03 6.562860564390818156e-03
6.420510973839554936e-03 6.405025804042815789e-03
6.394795218511717394e-03 6.320622841517130851e-03
6.361223626299761236e-03 6.346040038267771605e-03
6.378440051776124164e-03 6.212219866116842036e-03
6.223015880095772445e-03 6.124153383572895903e-03
6.016322629875503480e-03 5.903573091824849441e-03
5.338473969459300861e-03 4.771268169085184606e-03
4.307916167817893438e-03 3.867487814029057884e-03
3.825136711384402588e-03 3.761308624347051155e-03
3.698271084431326017e-03 3.574478173255920318e-03
3.684928266011411324e-03 3.738328180710474759e-03
3.664756517537171021e-03 3.506037904818852698e-03
3.622716398240299895e-03 3.826853481928507369e-03
3.548678940205718391e-03 3.413987137873967289e-03
3.459139727056026459e-03 3.342618956168492798e-03
3.464647426881128922e-03 3.288270018498102611e-03
3.469816059805452824e-03 3.728279246886571224e-03
3.444504065555520356e-03 3.329705516497294231e-03
3.298102399639901705e-03 3.186724567413330017e-03
3.334374376208870672e-03 3.288563398520151764e-03
3.376202517756610177e-03 3.310107692082722795e-03
3.386322554433718324e-03 3.187621221939722534e-03
3.310396272354410030e-03 3.352472879489263105e-03
3.290432730864267796e-03 3.306376896301905285e-03
3.293637832030071877e-03 3.159014368057250829e-03
3.284135707872337662e-03 3.187978184223175075e-03
3.316605592772248201e-03 3.333346023162206146e-03
3.267241199864656664e-03 3.128723237911860272e-03
3.275679056969238445e-03 3.182444886366526168e-03
3.243589957492076792e-03 3.319140911102295109e-03
3.223531846742844209e-03 3.241927941640217973e-03
3.229339254176011309e-03 3.295277372996012217e-03
3.235407055399264209e-03 3.194098450740178504e-03
3.173245662765111774e-03 3.253019275267918925e-03
3.176538277330109850e-03 3.664461982250213825e-03
3.166269416396971792e-03 3.077207062641779556e-03
3.166763550325413235e-03 2.973430510361989212e-03
3.197086041836882941e-03 3.084943030277887983e-03
3.211995594028849155e-03 3.224550133943557707e-03
3.229232812373084016e-03 3.014995700120925992e-03
3.216574947146000341e-03 3.098670752843220907e-03
3.138736839900957420e-03 2.991195211807886646e-03
3.270802268161787651e-03 3.095951543251673245e-03
3.170028579916106537e-03 3.154630174239476427e-03
3.183537713994155638e-03 2.985779619216919097e-03
3.152165267238160595e-03 3.763669180870056214e-03
3.132154059130698442e-03 2.979113270839055423e-03
3.067716485020355321e-03 3.382535006602605063e-03
3.135967219350277446e-03 3.024900291363398323e-03
3.034262008441146463e-03 2.940470341841380005e-03
3.127485962977516465e-03 2.990116018056869496e-03
3.099599192864843644e-03 3.041727896531423031e-03
3.086937696934910491e-03 3.016229067246119309e-03
3.040648831301950850e-03 3.085471675793329937e-03
3.127035972283920273e-03 3.485217467943827439e-03
3.068672254812554456e-03 3.119941645860672009e-03
3.108015298494137824e-03 3.169522337118784415e-03
3.067420468141790479e-03 3.493027623494466237e-03
3.085391279455507174e-03 2.999129271507262971e-03
2.980624196425196715e-03 3.119368433952331501e-03
2.999704989633755758e-03 2.899457967281341645e-03
3.125483091935166158e-03 3.071892597277958974e-03
3.011771947058150545e-03 3.044559415181477807e-03
3.001869841682491824e-03 2.939023129145304503e-03
2.991751151057542302e-03 3.282296584049860643e-03
3.017433607965358533e-03 2.825460676352183152e-03
2.958244313049362972e-03 2.898281313975651849e-03
3.018581215656013228e-03 3.010195942719777473e-03
2.958191662401077338e-03 3.052995107571284100e-03
2.970641626234282739e-03 3.164474455515543707e-03
2.919874235885799862e-03 2.853393405675887923e-03
2.896114525356097147e-03 2.758068652947743855e-03
2.917399513535201550e-03 2.833719249566395929e-03
2.925565278928843327e-03 2.799419414997100959e-03
2.895850420827628113e-03 2.728386572996775207e-03
2.840036318957572803e-03 2.915091347694397008e-03
2.856021894331206568e-03 2.804371444384257204e-03
2.909905782871646807e-03 2.854544156789779602e-03
2.847421790647786111e-03 2.772402803103128904e-03
2.839402564859483391e-03 2.830054032802581648e-03
2.798105490001034923e-03 2.628881772359212190e-03
2.821856987793580629e-03 3.023165869712829499e-03
2.802293174681835808e-03 2.704965601364771495e-03
2.797363582430989482e-03 2.722478459278742605e-03
2.799476778818643652e-03 2.819554787874221750e-03
2.786847162496997043e-03 2.781217600901921428e-03
2.695553126613958739e-03 2.537465361754099365e-03
2.708169473407906480e-03 2.706351540486017990e-03
2.739834666499518789e-03 2.690213642517725549e-03
2.698925203731050715e-03 2.779397704203923330e-03
2.670873607712564990e-03 2.510502431790033809e-03
2.645956959895556793e-03 3.209971123933792313e-03
2.637747875269269571e-03 2.715872357288996383e-03
2.700880799238802865e-03 2.546146814028421926e-03
2.621419171191519126e-03 2.705407536029815537e-03
2.629446700666449033e-03 2.933602637052536155e-03
2.606743624710361473e-03 2.435825556516647405e-03
2.610055869809002616e-03 2.518018561601638797e-03
2.584993559139547870e-03 2.528560227155685330e-03
2.519881498301401734e-03 2.741210915644963497e-03
2.515092141038621776e-03 2.402562187115351439e-03
2.483133926943992265e-03 2.336201241612434476e-03
2.513306915716384538e-03 2.540674600998560524e-03
2.484279510099440813e-03 2.325716769695282144e-03
2.443012677758815698e-03 2.297769475976626022e-03
2.437422491311735939e-03 2.434721765915552703e-03
2.484145490598166361e-03 2.301978290081023969e-03
2.422954088615369983e-03 2.377541065216064262e-03
2.427307747893792111e-03 2.486293288071950072e-03
2.386070953434682451e-03 2.426705449819564764e-03
2.337898566111107357e-03 2.269269793232281916e-03
2.380990668825688772e-03 2.353398015101750614e-03
2.341348835216194857e-03 2.267514563600222469e-03
2.387378015555441380e-03 2.261775328715642103e-03
2.289935944645549171e-03 2.356646558642387559e-03
2.310155041413963772e-03 2.596373609701792436e-03
2.283981069012952503e-03 2.209511380394299767e-03
2.285116868733894080e-03 2.747334216038386113e-03
2.261366918901330791e-03 2.551545310020446929e-03
2.319295850611524656e-03 2.253504791855812182e-03
2.265997453832824249e-03 2.326978480815887484e-03
2.266494849209266249e-03 2.172212997078895765e-03
2.265656264171411749e-03 2.257393448551495759e-03
2.237657497062173206e-03 2.501225258906682267e-03
2.227310972557461355e-03 2.197472977638244458e-03
2.173682146349165123e-03 2.149067792296409634e-03
2.226959633844671771e-03 2.124448356032371688e-03
2.154381351829215419e-03 2.098809998234113083e-03
2.169088861592172179e-03 2.093828017512957065e-03
2.143414340025628917e-03 2.239257703224817927e-03
2.124607481164275669e-03 2.085664853453635982e-03
2.086568131744570564e-03 2.124220372239748588e-03
2.095009486765775364e-03 2.055582551161448321e-03
2.121403134879074059e-03 2.394720681508382201e-03
2.151007961401774082e-03 2.042961061000824006e-03
2.050145702014560811e-03 2.024682268500328178e-03
2.085203537717461586e-03 2.040200332800547363e-03
2.038256056948739570e-03 2.127602469921112145e-03
2.059061755971924867e-03 2.163060477375984298e-03
2.046364744273887482e-03 1.984869746367136714e-03
2.067809333311743103e-03 2.042749925454457813e-03
1.990286908039706759e-03 1.967800667881965462e-03
2.007247786423249636e-03 1.921196421980857823e-03
2.018639961534063332e-03 2.111526436607042909e-03
2.017723027165629901e-03 1.965768449505170181e-03
1.997024948650505394e-03 1.953637217481931157e-03
1.978630854864604771e-03 1.968094640970230111e-03
1.968553872757183854e-03 1.918295448025067549e-03
1.978947968382271938e-03 1.979009527961413193e-03
1.978215686904150061e-03 1.963023666540781708e-03
1.981784132112807129e-03 1.922628023227055923e-03
1.932030130774364807e-03 1.931137115756670613e-03
1.942381675689830445e-03 1.954445727666218914e-03
1.921428506648226175e-03 1.882957768440246538e-03
1.903591399241122417e-03 1.934655515352884901e-03
1.944851831467531156e-03 1.920880364378293407e-03
1.888592680188594386e-03 2.128270337978998769e-03
1.932152391418640036e-03 2.051455410321553416e-03
1.888834303827024996e-03 1.956405318776766305e-03
1.905596375763707329e-03 1.935447621345520036e-03
1.866548635007347912e-03 1.882531101504961559e-03
1.853296439549012575e-03 1.820884047945340450e-03
1.792843578186875675e-03 1.830167091886202588e-03
1.913253980092122220e-03 1.823508268594741877e-03
1.830759634685819037e-03 1.816707756121953331e-03
1.881584094917343464e-03 1.957629966735840044e-03
1.846781050517165568e-03 1.856118120749791376e-03
1.805082381906686351e-03 1.835140117009480742e-03
1.803786217351444066e-03 1.871428160866101540e-03
1.808799359423574060e-03 1.838535114129384411e-03
1.816995551052968949e-03 1.799517395099004121e-03
1.748385550854436588e-03 1.783473686377207504e-03
1.740554240313940682e-03 1.789842572808265702e-03
1.731528182062902488e-03 1.782029142975807270e-03
1.763794684848107863e-03 1.740820333361625758e-03
1.753491175804811064e-03 1.810589467485745679e-03
1.770735402715217788e-03 1.852752966682116127e-03
1.763460391885018907e-03 1.770447633663813341e-03
1.708298453195311595e-03 1.755016317963600195e-03
1.710649807137087919e-03 1.726853892207145602e-03
1.752749013576249126e-03 1.750199193755785530e-03
1.735935203214467037e-03 1.729536762833595170e-03
1.717938072033575736e-03 1.709290255109469168e-03
1.713080701847502496e-03 1.690363340576489818e-03
1.715687035357404966e-03 1.772091988722483387e-03
1.685224588072742335e-03 1.713238127032915828e-03
1.705740487523144111e-03 1.790881572167078717e-03
1.687995132670039311e-03 1.694757223129272515e-03
1.676125285484886263e-03 1.680027141173680554e-03
1.672980170951632317e-03 1.728205164273580001e-03
1.680407163803465664e-03 1.698564749956130897e-03
1.647122994654637296e-03 1.666468734542528741e-03
1.667551407081191428e-03 1.662402002016703318e-03
1.636434548345278017e-03 1.650219876567522639e-03
1.691043129540048540e-03 1.652792761723200507e-03
1.619308080989867449e-03 1.635219569007555739e-03
1.641728134927689098e-03 1.638945802052815814e-03
1.607021878044179175e-03 1.609775130947430988e-03
1.620463152903539594e-03 1.637293063600858039e-03
1.621495742256229278e-03 1.664835884173711169e-03
1.618916608094878029e-03 1.696140511830647804e-03
1.622073298676696140e-03 1.654626571138699889e-03
1.594851499248761684e-03 1.619606268405914245e-03
1.587387505423976108e-03 1.629268937309582936e-03
1.620096201804699376e-03 1.613031900922457310e-03
1.597720525751356035e-03 1.586709440747896896e-03
1.576603453941061161e-03 1.624761109550793958e-03
1.566566752444487065e-03 1.597443190217018175e-03
1.577062705109710805e-03 1.589862695336341936e-03
1.564863368002988864e-03 1.588309681415557865e-03
1.562052225381194148e-03 1.588709998130798280e-03
1.598147454387799371e-03 1.580532734592755709e-03
1.580550348990072962e-03 1.583340379595756442e-03
1.562818801176035777e-03 1.593495963017145739e-03
1.542167407933447976e-03 1.568432184060414725e-03
1.557678697281517088e-03 1.570518216490745600e-03
1.523042934422846884e-03 1.584058402975400395e-03
1.548793771689815912e-03 1.579924305280049632e-03
1.535583232907811180e-03 1.577316157023112009e-03
1.540808094432577491e-03 1.585472200314203906e-03
1.516141381216584705e-03 1.558611056208610577e-03
1.541807542707829271e-03 1.568777247269948372e-03
1.540275678962643724e-03 1.554780620336532540e-03
1.538690352390403859e-03 1.551070165634155359e-03
1.542893737678241450e-03 1.557753242055575065e-03
1.526023114820418414e-03 1.543318145473798059e-03
1.523052643278788310e-03 1.546710083882013934e-03
1.542560857160424348e-03 1.545583844184875546e-03
1.528054628579411656e-03 1.541912974913915105e-03
1.525726253930770326e-03 1.545119197169939626e-03
1.521751044492702931e-03 1.541844090819358875e-03
1.518490467788069509e-03 1.536801573634147744e-03
1.510957184109429363e-03 1.539028471708297650e-03
1.497507226304151118e-03 1.540426834424336823e-03
1.510268470156006515e-03 1.540588071942329334e-03
1.529378102532064077e-03 1.540396946668624867e-03
1.526224428744171746e-03 1.538205109039942394e-03
1.500395127550291363e-03 1.538433043162028063e-03
