6.500219670124351978e-02 6.534599485397338259e-02
6.197263751528225839e-02 5.546345868110656718e-02
4.340942797716706991e-02 3.943054590225219397e-02
3.291231175535358489e-02 2.154890782833099316e-02
1.145220661055645905e-02 8.024934601783752230e-03
6.262149869144195691e-03 4.079330042004585509e-03
3.344223239764687605e-03 3.087227582931518707e-03
3.145084983771084808e-03 3.062330865859985533e-03
3.072699129916145466e-03 2.933210325241088733e-03
2.910929159043007530e-03 2.795574048161506790e-03
3.564629358152160421e-03 2.761033427715301521e-03
2.684256849533994682e-03 2.631774443387985100e-03
2.594902196506154723e-03 2.505511978268623423e-03
2.558140116889262572e-03 2.543291652202606199e-03
2.515015281460364349e-03 2.483862811326980734e-03
2.511168924684170634e-03 2.445015594363212762e-03
2.472414103976916522e-03 2.492076063156128084e-03
2.433884850688627921e-03 2.554938897490501275e-03
2.464826982759404927e-03 2.375826892256736964e-03
2.384504603469395079e-03 2.329478847980499465e-03
2.364049330935813487e-03 2.323669378459453441e-03
2.339431919608614407e-03 2.307176224887371070e-03
2.309217286892817356e-03 2.294884276390075830e-03
2.260736057905887719e-03 2.285704986751079665e-03
2.285334897351276595e-03 2.235959969460964234e-03
2.211859919952985365e-03 2.188779462873935867e-03
2.208061213423206937e-03 2.144677354395389552e-03
2.225914013251895085e-03 2.134985841810703444e-03
2.179328967031324282e-03 2.142992855608463233e-03
2.176290602619701531e-03 2.219086147844791419e-03
2.172923472244292498e-03 2.111833582818508324e-03
2.118706416695204098e-03 2.160310412943363019e-03
2.104219279317476321e-03 2.187284341454506006e-03
2.094597299219458364e-03 2.059970554709434579e-03
2.069321688395575620e-03 2.024069769680500192e-03
2.056468315458914731e-03 2.024026030302047714e-03
2.040817523266014177e-03 1.988483789563178818e-03
2.035186307693948038e-03 1.984114813804626481e-03
2.013390916545176879e-03 2.007655277848243661e-03
1.966222787814331241e-03 1.981703452765941516e-03
1.997510630644683260e-03 1.982629229128360891e-03
1.942980306012032088e-03 1.933655643463134824e-03
1.921803939694655128e-03 1.918507964909076753e-03
1.935459919877757784e-03 1.892775721848011022e-03
1.895535998301056679e-03 1.885954809188842684e-03
1.885370952550147194e-03 1.882569918036460822e-03
1.886214511614525691e-03 1.873735609650611965e-03
1.873761459137313068e-03 1.860509189963340838e-03
1.846176033723168075e-03 1.863241897523403110e-03
1.868817706053960137e-03 1.869375710189342607e-03
