5.341581362881697714e-02 5.349321887479163706e-02
5.069421412190422416e-02 4.163192593841813505e-02
2.758132017333991826e-02 1.704375453118700534e-02
1.468219779053470120e-02 1.440857310080900788e-02
1.110982582395081408e-02 7.100821665517287329e-03
7.027278123132418841e-03 6.963194027775898576e-03
6.949066362722078338e-03 6.921945900103310123e-03
6.782853142794920132e-03 6.711746293149190024e-03
3.563394077900738921e-03 1.738435363222379237e-03
1.719300925287825521e-03 1.693157817499013618e-03
1.657768655604741070e-03 1.620245373487705365e-03
1.653267291658266913e-03 1.585641906785895117e-03
1.611316256457939744e-03 1.562948324135504663e-03
1.603204385901335627e-03 1.611404078175837640e-03
1.566300814374699257e-03 1.624453090698807500e-03
1.502443335084535647e-03 1.480625460317241959e-03
1.507768487499561161e-03 1.445535373932216316e-03
1.459321672882651910e-03 1.448251069632533472e-03
1.453662045605597086e-03 1.414991646015550941e-03
1.435554170711839106e-03 1.413469047292892355e-03
1.420412750121613499e-03 1.394991830238723196e-03
1.402201820383197628e-03 1.402316845087625552e-03
1.393244558130390942e-03 1.401392506522824988e-03
1.397554059622052591e-03 1.368652408928028308e-03
1.361126903248077724e-03 1.362633041026128922e-03
1.375124173137010075e-03 1.348389669146854430e-03
1.354514351987745613e-03 1.356208304059691727e-03
1.341567198323900811e-03 1.337578240963921417e-03
1.352868695903453045e-03 1.358754403554485179e-03
1.358269105367071461e-03 1.340117659310635645e-03
1.357238284072082024e-03 1.322674539551371709e-03
1.333966589299961925e-03 1.317089196163578890e-03
1.315188274020329118e-03 1.318672853813041002e-03
1.339664119768713135e-03 1.296889037803339306e-03
1.274055311114352662e-03 1.236460839209030382e-03
1.191065987768524792e-03 1.137130522238294361e-03
1.097875679533899529e-03 1.047935415044776164e-03
1.031857047564699315e-03 1.003211976239981595e-03
9.769273683559731580e-04 9.554120770189911127e-04
9.552684400659927633e-04 9.206421732415037695e-04
9.254281467292457819e-04 9.004015341815829743e-04
9.001580770018335897e-04 8.877042560015979689e-04
8.769794235377048608e-04 8.717373875697376207e-04
8.810283984530542511e-04 8.634873997834802140e-04
8.701455849404737819e-04 8.626033290966006462e-04
8.607496124568569940e-04 8.561270151403732598e-04
8.647797176308813505e-04 8.508086684742011130e-04
8.602398825132695492e-04 8.522550760972080752e-04
8.562230955249106046e-04 8.478137397105456330e-04
8.588571558902913239e-04 8.473647558275843039e-04
