4.868805222213268280e-02 4.787646123440936208e-02
4.440212546614930034e-02 3.852478836779482663e-02
3.127476555528119206e-02 2.449939306825399399e-02
1.946736731042619795e-02 1.531649252865463495e-02
1.119292146540828981e-02 7.454782011336646974e-03
6.310077606030972674e-03 5.830213631270453334e-03
5.759580577432643622e-03 5.718870463169878349e-03
5.713792168535292149e-03 5.629806684737559408e-03
5.601230284810299054e-03 5.552678318053949624e-03
5.527243622054811567e-03 5.390448954130988568e-03
5.269946297630667686e-03 5.066392437583999708e-03
4.840588415390811861e-03 4.547873813862679526e-03
4.228551628330023959e-03 3.861110830257530324e-03
3.466130812739720568e-03 3.158430745315854438e-03
3.029926263479865156e-03 2.996139965034672059e-03
3.003203677508281544e-03 2.880962909330264665e-03
2.893005394071224146e-03 2.832459906130679883e-03
2.842215966666117311e-03 2.808974018989829347e-03
2.788205812976229936e-03 2.734469873757916503e-03
2.761413812550017610e-03 2.736144591835909523e-03
2.729616806391277350e-03 2.665195217559812590e-03
2.698056132430792786e-03 2.650504929988528602e-03
2.668910947249969468e-03 2.610699104479863308e-03
2.635917257066466846e-03 2.554480002800119109e-03
2.617088637634878978e-03 2.567074327089358121e-03
2.591890772237093188e-03 2.537933587518637069e-03
2.573096831838483922e-03 2.510050027922261506e-03
2.559550486694206484e-03 2.558743712143041193e-03
2.555293318437179551e-03 2.525076755773625337e-03
2.499730266208644025e-03 2.568060304838581942e-03
2.516927306714933366e-03 2.533498107368359342e-03
2.488013593392679468e-03 2.509521835236228071e-03
2.484018412360455841e-03 2.492113457265077159e-03
2.456119569615111686e-03 2.463569433530210517e-03
2.450394355037133209e-03 2.407201378446188755e-03
2.428359839541371912e-03 2.395254234215826727e-03
2.379850449869991280e-03 2.388992317719385028e-03
2.401670262770494446e-03 2.371379440774035174e-03
2.428660840450902469e-03 2.349556707486044616e-03
2.404555032626376487e-03 2.437169057884602807e-03
2.422750556434039026e-03 2.328784121345961466e-03
2.390300431216019206e-03 2.404369944997597486e-03
2.411285935522755608e-03 2.344227224966743961e-03
2.378679735556943342e-03 2.354689351705019362e-03
2.391657890257192776e-03 2.348821341001894325e-03
2.344388441997580230e-03 2.290894695761380717e-03
2.352241810513078235e-03 2.271652123454259709e-03
2.333999937036423944e-03 2.304615882167126983e-03
2.358334983000531793e-03 2.348034502574591897e-03
2.320048150068032555e-03 2.335176726774079725e-03
2.295745518495095894e-03 2.341336239624070004e-03
2.330617240659194067e-03 2.342701973248040304e-03
2.317839284842193592e-03 2.328900178326875903e-03
2.340408140298677608e-03 2.350885195482987911e-03
2.286098349941312335e-03 2.267417959046724718e-03
2.320729234270402230e-03 2.344574564631329849e-03
2.329106349861831404e-03 2.316649130079895258e-03
2.287245883962896187e-03 2.340949084100429900e-03
2.257070359519275371e-03 2.267732474138028920e-03
2.291285398314357735e-03 2.401511579591897316e-03
2.291656468514702283e-03 2.232987097158911638e-03
2.287446149239258375e-03 2.361082963034277782e-03
2.296203804689866956e-03 2.222589471784885973e-03
2.290625294335768558e-03 2.199911198658810463e-03
2.254310137686843518e-03 2.232879351140582003e-03
2.227347678854130208e-03 2.191521014538011514e-03
2.241046906419796869e-03 2.225750464276643470e-03
2.230710037110839039e-03 2.268539452416007407e-03
2.234630908787949011e-03 2.170696710891206749e-03
2.204569490459107328e-03 2.284422493175952695e-03
2.181494574870157521e-03 2.206740552537667099e-03
2.198090087404125370e-03 2.142756815374013968e-03
2.210597361226973590e-03 2.176985238293127622e-03
2.147999749467999209e-03 2.151279294594132807e-03
2.146057262507383712e-03 2.080698075587861240e-03
2.165301353670656681e-03 2.192670624935999513e-03
2.143380613233603071e-03 2.126809828951081727e-03
2.158611358026973903e-03 2.204466751209110953e-03
2.115509674695204012e-03 2.080295181258406956e-03
2.093245660944376141e-03 2.088307562189584132e-03
2.101314610627014190e-03 2.053756650639115833e-03
2.097573344144620933e-03 2.020905358222080395e-03
2.074462409836996812e-03 2.019542492234904785e-03
2.069464756459638011e-03 2.033959023719944526e-03
2.061918071376567241e-03 2.163672487768053543e-03
2.032957057053863537e-03 2.049357727628375869e-03
2.056718050880590454e-03 1.992293384319054894e-03
2.046963117209088523e-03 1.975562508960138075e-03
2.025071422394830734e-03 1.988911809348792303e-03
2.054957971267867833e-03 2.075366032840975095e-03
2.081608300613879692e-03 2.011455057072453201e-03
2.032247486567939632e-03 1.996666679588088300e-03
1.994224275222222786e-03 2.079832670460746158e-03
1.974263534975762013e-03 1.992143935240164865e-03
1.983397384719864931e-03 1.982981685614504386e-03
1.947825300703698304e-03 1.951313934114295989e-03
1.988352788430347573e-03 1.931576482093078084e-03
1.963387286195938941e-03 1.941910431924043223e-03
1.941075612194254063e-03 1.894626860121206846e-03
1.930021809130266774e-03 2.038411917965277098e-03
1.918533173920877744e-03 1.914346655212284531e-03
1.912693996018788312e-03 1.866539138973166700e-03
1.914985855364648160e-03 1.839776417909888551e-03
1.893827410640369635e-03 1.898798474940122105e-03
1.897939189802855253e-03 1.990696171560557559e-03
1.902303683891659603e-03 1.835645434766774997e-03
1.864488122919283342e-03 1.882586827377963345e-03
1.899604429127066396e-03 1.949188283106195740e-03
1.868370738520752639e-03 1.840552251451299526e-03
1.861763061242527328e-03 1.812681382034497801e-03
1.875086260042735375e-03 1.880749215160903987e-03
1.852392137152492069e-03 1.856997339928057045e-03
1.862751272710738704e-03 1.921903611219022423e-03
1.858646746768499725e-03 1.818849237679387443e-03
1.858134379290277138e-03 1.842677061176800635e-03
1.815950718082603998e-03 1.857803072198294103e-03
1.822261749111930840e-03 1.824126278734183870e-03
1.829495337005937472e-03 1.822732374421320856e-03
1.806265957384312060e-03 1.782242357876384631e-03
1.839575508711277507e-03 1.815073743273387663e-03
1.810389935599232558e-03 1.965759168342628982e-03
1.819467240238736849e-03 1.823849291213264223e-03
1.810668147300020792e-03 1.834547665566788055e-03
1.796825150449876674e-03 1.750097029798780568e-03
1.798275461624143645e-03 1.792579181710607372e-03
1.782146222467417829e-03 1.808154840546194464e-03
1.780896737727744039e-03 1.775678925696411170e-03
1.781251844477083068e-03 1.729262800836295355e-03
1.742938952702388633e-03 1.723092514112067875e-03
1.771647022906108759e-03 1.721478447507251985e-03
1.730709404000663199e-03 1.717431261567980982e-03
1.706692743937310297e-03 1.702421280242560897e-03
1.741181707075156737e-03 1.750135837937705219e-03
1.740455798426410183e-03 1.757902708050096408e-03
1.705649037830880843e-03 1.690696443802153226e-03
1.705190618849883322e-03 1.715364889605552889e-03
1.721164361697447021e-03 1.682736923612537794e-03
1.724477117022615857e-03 1.749025917888502590e-03
1.704366324702277780e-03 1.728414224089647178e-03
1.697736913229164202e-03 1.760886521879001521e-03
1.701712884823791683e-03 1.748627228153054602e-03
1.676430430052278098e-03 1.674899337558599655e-03
1.712736129775294103e-03 1.689527337475738022e-03
1.695442530035506934e-03 1.667319605076045264e-03
1.679791906099126209e-03 1.762584449352289084e-03
1.693705489742569625e-03 1.638112527871271595e-03
1.654778418014757335e-03 1.630952738196356222e-03
1.631986082429648377e-03 1.654964073168230243e-03
1.660988873481983319e-03 1.618177417185506783e-03
1.630076741093944293e-03 1.682187995356798638e-03
1.629843099181016441e-03 1.678338043348048814e-03
1.650930099458491895e-03 1.699134192676865496e-03
1.648290490265935659e-03 1.621157274712459184e-03
1.617965627701778430e-03 1.587230847690079827e-03
1.633654601391754113e-03 1.610051162060699426e-03
1.612316794307844248e-03 1.591779232512635645e-03
1.589416116075881291e-03 1.567859685565053951e-03
1.577413407176209148e-03 1.625917182536795735e-03
1.610718692973023281e-03 1.582039436470950022e-03
1.616924469090008643e-03 1.620964249923417810e-03
1.621649583285034169e-03 1.610306731890887022e-03
1.612158950592856854e-03 1.642071468268113676e-03
1.615756212231644895e-03 1.608136495633516461e-03
1.590469463735644240e-03 1.584748945788305718e-03
1.565139707963680848e-03 1.581336660819943063e-03
1.561936993311974220e-03 1.630152056350198109e-03
1.586757073710032273e-03 1.601257742549933027e-03
1.596999338289606385e-03 1.558824718813411891e-03
1.574928926856955513e-03 1.604510381184809376e-03
1.563994103889854159e-03 1.565026803291402757e-03
1.551743837808317039e-03 1.531242850433045533e-03
1.543365992802137043e-03 1.543260373182420153e-03
1.534151279884099495e-03 1.557510006932716351e-03
1.535105480797938071e-03 1.517236573818081524e-03
1.526295847725123167e-03 1.520981310932256747e-03
1.529977235804835800e-03 1.584796870702120941e-03
1.523754420304612722e-03 1.496729497375781648e-03
1.521923278232861776e-03 1.527249115497397725e-03
1.531071201497979928e-03 1.507182962086517364e-03
1.502832078585925046e-03 1.490555123382364400e-03
1.534943244223541114e-03 1.526518071841564961e-03
1.522642346571956296e-03 1.497644329901959281e-03
1.520209271802741569e-03 1.521859239801415242e-03
1.520063306998054031e-03 1.556424614136631135e-03
1.520172300843114499e-03 1.518652413324161898e-03
1.482868422499450389e-03 1.603376979801396374e-03
1.513079551841656212e-03 1.517914422038302291e-03
1.515208042292215396e-03 1.502386177890002728e-03
1.497455343269393779e-03 1.536256734652852174e-03
1.463282659642572980e-03 1.509959934992366470e-03
1.470686512220709119e-03 1.479630665926379152e-03
1.481644110754132271e-03 1.491666959736903664e-03
1.489240412411163561e-03 1.486557431235269178e-03
1.455550593163934536e-03 1.443610324713517912e-03
1.454135842323012184e-03 1.456441026675747707e-03
1.474770471759256907e-03 1.461092643694428261e-03
1.477822366723557934e-03 1.475777797168120742e-03
1.464975623093778268e-03 1.438523619981424417e-03
1.440732172341085970e-03 1.439928491890896112e-03
1.450039818337245379e-03 1.484259773860685527e-03
1.461529765037994366e-03 1.476812126384174917e-03
1.449430970751564018e-03 1.440697575162630528e-03
1.428977955583832227e-03 1.433779960279935040e-03
1.442848042643163353e-03 1.430757015441486146e-03
1.409396394592477009e-03 1.426669741704245098e-03
1.431534994480898604e-03 1.438625963601225521e-03
1.419197717041242868e-03 1.434493502529221587e-03
1.428900543942290824e-03 1.451651175557344686e-03
1.402175981638720259e-03 1.433520944374322426e-03
1.418244510205113329e-03 1.409952057656482793e-03
1.410822141224343795e-03 1.395612573105609044e-03
1.416969824276748113e-03 1.432132992704282515e-03
1.431882530596340075e-03 1.426096888280881103e-03
1.410583747201599181e-03 1.399611884153273422e-03
1.397494468619697727e-03 1.405133827574900351e-03
1.386916182127606589e-03 1.395106995005335193e-03
1.398136597345001064e-03 1.399045199832471553e-03
1.390275139783625491e-03 1.394338701175001916e-03
1.377410600980510935e-03 1.401610481480020098e-03
1.391709542076569051e-03 1.392593654600204900e-03
1.374788788780278992e-03 1.376947520839166827e-03
1.378385664793313481e-03 1.369007384710130282e-03
1.387581030940054916e-03 1.384191137731249910e-03
1.379235191052430309e-03 1.382837337587261572e-03
1.395181970110570546e-03 1.372813318084808998e-03
1.359641705676040146e-03 1.373282274471421260e-03
1.362948153655452188e-03 1.394287914990854915e-03
1.361720383101783227e-03 1.367272824609244708e-03
1.379274362079740968e-03 1.373673194393632002e-03
1.374553936329903081e-03 1.363809857139131054e-03
1.356872054202540312e-03 1.365044908197887708e-03
1.355105889160768129e-03 1.375988970721664373e-03
1.353289307189697865e-03 1.365393620289978571e-03
1.360761561954859644e-03 1.362723488455230836e-03
1.348239461549383122e-03 1.369536487800360192e-03
1.357351889964775182e-03 1.357011590698675718e-03
1.339992968496517278e-03 1.362612744742364157e-03
1.343875930615467951e-03 1.359733701974619180e-03
1.360033732453302946e-03 1.361597983304818626e-03
1.360102622129488736e-03 1.364439389362814836e-03
1.361477788123011123e-03 1.352803347799635958e-03
1.355301642433914822e-03 1.347658946542651393e-03
1.336623417046212126e-03 1.360508876132371370e-03
1.345445830338576343e-03 1.362001731649797875e-03
1.360038854727463331e-03 1.348258541838731617e-03
1.355593895823403727e-03 1.357845942948188167e-03
1.346823246421990916e-03 1.351637651168857701e-03
1.343578475825779606e-03 1.355551031338109169e-03
1.354098716547014192e-03 1.357986711809644476e-03
1.347401781458756886e-03 1.358490234451892320e-03
