5.739116435870528221e-02 5.732052386601765859e-02
5.543197790393605828e-02 5.429290145238240689e-02
5.072093798662535846e-02 4.649618072509765360e-02
3.688107102061621845e-02 2.660190324783325358e-02
1.905998209986137226e-02 1.486399890581766720e-02
1.340698637068271637e-02 1.232823772430419879e-02
1.047460257541388273e-02 9.358523130416870547e-03
9.057867089723004028e-03 8.821786014238993529e-03
8.665454937727190554e-03 8.534441109498341199e-03
8.497635368257761002e-03 8.419581993420919078e-03
8.478681036649504676e-03 8.237351004282633671e-03
8.162503821949940175e-03 8.052744809786478025e-03
8.149725588737055659e-03 7.923107234636942234e-03
8.000815294508356601e-03 7.953536041577656882e-03
7.727075673756189644e-03 7.669927803675333743e-03
7.629314277437515557e-03 7.897866034507750738e-03
7.460211447323672473e-03 7.453283596038818778e-03
7.315930448385188356e-03 7.147257312138875253e-03
7.235662695165956393e-03 7.799756586551666315e-03
7.154790138883981854e-03 7.030103417237599725e-03
7.251728889968944713e-03 6.786674499511718799e-03
6.915905683854361996e-03 6.810262588659922109e-03
7.143657821870874614e-03 6.670335531234741419e-03
7.137804586818674579e-03 6.684953959782918495e-03
6.812496336351614445e-03 7.455088790257771887e-03
6.745871793100377545e-03 6.945417837301889885e-03
6.880023727717343718e-03 6.883924992879231555e-03
6.837055836513172835e-03 6.523670979340871062e-03
6.706576288706855848e-03 6.509886705875396647e-03
6.644938730460125953e-03 6.259522525469462216e-03
6.558278750162571669e-03 6.321704924106597706e-03
6.520205879496643320e-03 6.669167900085449033e-03
6.560388352227164432e-03 6.778678305943806534e-03
6.632955100940307602e-03 6.778167931238809896e-03
6.624479719903320074e-03 6.429656744003296211e-03
6.590383789443876594e-03 6.211617851257324185e-03
6.389064263203181326e-03 6.014406299591064549e-03
6.526255070639308542e-03 7.162994662920633970e-03
6.340836269373539835e-03 5.980262641112009912e-03
6.414615927496924996e-03 5.986259472370148056e-03
6.219343151315115392e-03 5.924348692099253195e-03
6.195986166858347133e-03 6.959356240431468013e-03
6.330506403173785657e-03 6.735195390383402932e-03
6.276420819631312042e-03 6.693390591939290570e-03
6.199261319125071168e-03 5.822193682193756159e-03
6.331177526590181515e-03 6.823432195186615069e-03
6.234168278751894832e-03 5.994030598799387696e-03
6.296602277870988473e-03 5.698071277141570842e-03
6.153903494123369455e-03 5.763657426834106409e-03
6.115320549724856392e-03 6.738539393742879434e-03
6.403570339898578823e-03 6.149992064634958802e-03
6.024496422469383106e-03 5.791894519329070755e-03
6.084641230700071901e-03 5.531746153036753121e-03
6.125615323981037363e-03 6.323690036932626962e-03
6.028791471180738881e-03 6.286816028753916541e-03
5.965252366877393797e-03 6.500012906392415440e-03
5.976020554953720421e-03 5.549495295683542530e-03
5.906865750148426741e-03 5.584992758433024278e-03
6.044973055395530537e-03 6.679011352856954048e-03
5.847415304742753506e-03 6.288553456465403348e-03
5.760549211117904633e-03 6.303126617272694805e-03
5.705364510504296049e-03 5.568176563580830643e-03
5.871424440556438640e-03 7.054546678066253400e-03
5.741487970226444304e-03 5.840407168865203655e-03
5.617913626338122413e-03 5.136937093734741597e-03
5.678236775565892458e-03 5.722209048271179391e-03
5.668285797582939267e-03 6.387430453300475645e-03
5.576050956733524799e-03 4.889486503601074216e-03
5.402034850703785196e-03 4.877512665589650749e-03
5.618299914203817025e-03 5.170355161031087513e-03
5.337849044735776260e-03 5.553953480720520176e-03
5.338619290341739543e-03 5.836860565344492713e-03
5.188767561776330695e-03 5.124228523174921557e-03
5.181981350688147359e-03 4.922044650713602344e-03
5.135829578648554161e-03 5.077757310867309776e-03
5.153073245310224593e-03 4.634166445334752041e-03
5.088115080070565455e-03 5.206167558828989420e-03
4.965849846485070884e-03 4.880643415451049912e-03
4.875245127550442703e-03 4.919108007351557024e-03
4.915147383144358173e-03 4.608918652931849255e-03
4.765500758367124945e-03 4.605893611907958991e-03
4.687268105044495314e-03 4.470376425981521622e-03
4.686419080826453865e-03 5.330072629451751941e-03
4.674153766245581210e-03 5.222211138407389756e-03
4.602399769282783382e-03 4.871245670318603317e-03
4.501243403865373693e-03 4.836364426215490099e-03
4.442823646968463436e-03 4.383683911959330298e-03
4.660674023398314603e-03 4.561133714516957954e-03
4.548673423414584249e-03 4.359949139753977604e-03
4.445840295375091955e-03 4.243363853295644209e-03
4.424343553182552569e-03 4.551194081703821386e-03
4.326153441070346162e-03 3.972884726524353143e-03
4.385764723338070326e-03 4.143209536870320897e-03
4.215048074911464937e-03 3.812994796037673818e-03
4.229869873597635888e-03 4.869091351826985818e-03
4.255708379787392914e-03 4.077214527130126887e-03
4.133590122364694253e-03 3.978157683213552100e-03
4.135766213948954828e-03 3.971972719828287951e-03
4.070488746947376058e-03 4.439817837874094307e-03
4.041104426505626179e-03 4.065773673852284692e-03
3.998789497927646153e-03 3.873810762166976767e-03
4.110822463189833798e-03 4.194209917386372555e-03
3.988988451965269633e-03 3.710598327716191705e-03
3.872958273859694600e-03 3.787572419643401959e-03
3.909028100679279305e-03 4.342150467634200810e-03
4.143838454183423892e-03 3.920622221628825010e-03
3.833675802525249310e-03 3.778726545969644975e-03
3.865600248900591396e-03 3.570544983943303285e-03
3.826193051281734370e-03 3.660709784428278681e-03
3.763515333048417233e-03 3.522129317124684730e-03
3.949019976062118076e-03 3.395087359348932746e-03
3.719405762240057811e-03 3.451183245579401461e-03
3.756181085918797180e-03 3.363116308053334339e-03
3.665045369416475296e-03 3.318094203869501740e-03
3.693836435559205711e-03 3.749546813964843746e-03
3.588502955608419143e-03 3.282978634039561069e-03
3.552224681698135100e-03 3.498243085543314458e-03
3.498302990919910371e-03 3.712386522690454965e-03
3.664091909740818664e-03 3.459654917319615608e-03
3.410724288187338971e-03 3.497101990381876625e-03
3.532043821905972436e-03 3.346936303377151534e-03
3.427609359277994372e-03 3.034032724301020511e-03
3.447406887062243186e-03 3.329750915368398078e-03
3.484050912447855808e-03 3.134466415643692022e-03
3.213080395653378218e-03 3.172741593917210740e-03
3.339692331792321056e-03 3.378716679414113435e-03
3.385454247109009884e-03 3.804348874092102015e-03
3.229400139389326796e-03 3.076972466707229587e-03
3.198205155058531091e-03 3.965736748774846034e-03
3.285810200395644642e-03 3.373218524456024058e-03
3.205999009878723882e-03 3.323935087521870911e-03
3.125541035842616111e-03 3.208125710487365594e-03
3.180836733008618467e-03 3.758437045415242636e-03
3.085395348534802906e-03 2.850231722990671616e-03
3.167145592669839971e-03 3.156365988651911592e-03
3.172158956658677198e-03 2.981791319449742829e-03
3.028732426173519343e-03 2.979084551334381260e-03
3.188486782164545730e-03 3.128731018304824717e-03
2.958030934678390622e-03 3.744783041874567842e-03
2.990986296936171129e-03 3.366587026913960955e-03
3.024491748874424957e-03 2.962068720658620011e-03
2.967858998090378009e-03 2.885140734910964996e-03
2.884484110836638138e-03 2.726645421981811670e-03
2.950192931166384369e-03 3.488951353232065677e-03
2.915430079156067222e-03 2.700554072856903211e-03
2.900733645219588652e-03 3.166904656092325767e-03
2.885145519030629657e-03 2.828919027249018198e-03
2.812202206769143231e-03 2.657225960493087881e-03
2.756200781732331961e-03 2.730145194133122566e-03
2.883559749534470029e-03 2.575766794880231247e-03
2.757800073595717549e-03 2.649757804473241041e-03
2.779211436063633300e-03 2.903836925824483401e-03
2.834817805705824867e-03 2.933094189564386996e-03
2.663922305146115832e-03 2.613832739988962862e-03
2.652878682056325488e-03 2.656793324152628526e-03
2.772129109871457331e-03 2.612879047791163197e-03
2.673488802429346833e-03 2.780657809972763087e-03
2.657675164300599135e-03 2.466927692294120737e-03
2.587321704595524352e-03 2.731412418683369994e-03
2.583776533356285654e-03 2.492739913860956853e-03
2.652805571415228769e-03 2.819339390595753791e-03
2.601007659905008040e-03 2.536596177021662422e-03
2.622235124363214709e-03 2.920968701442082718e-03
2.526555033909971826e-03 2.631599843502044778e-03
2.536843267989752349e-03 2.666614655653635861e-03
2.502065536646114197e-03 2.729308225711186888e-03
2.518762618819891941e-03 2.801812175909678196e-03
2.551436655267025344e-03 2.431936454772949327e-03
2.557520260779710952e-03 2.448332875967025590e-03
2.535459921091387514e-03 2.306631636619567785e-03
2.434177142276894301e-03 2.479319634040196875e-03
2.485306467860937119e-03 2.357402996222178297e-03
2.413174081084434874e-03 2.972408008575439572e-03
2.451490449857374188e-03 2.441290656725565462e-03
2.358283225476043299e-03 2.357264202833175577e-03
2.439135853819607291e-03 2.366226381063461087e-03
2.303283322362403851e-03 2.319852750500043040e-03
2.256932690215762705e-03 2.353039730588595176e-03
2.282329472109267954e-03 2.209152692556381418e-03
2.319490179615968373e-03 2.319969838857650728e-03
2.262079783577064518e-03 2.300040207306544050e-03
2.242423568532103673e-03 2.583036184310913246e-03
2.276342333061620593e-03 2.374422589937845701e-03
2.239252727122220676e-03 2.466022682189941261e-03
2.370486816289485432e-03 2.519298839569091876e-03
2.212439530921983533e-03 2.135114332040151039e-03
2.093458894705690909e-03 2.140840649604797228e-03
2.179684416660165880e-03 2.113735536734263204e-03
2.077679863759840373e-03 2.089694316188494237e-03
2.151069521460158285e-03 2.094856037696202471e-03
2.147408824384910986e-03 2.539136401812235391e-03
2.139146102308586705e-03 2.193501762549082516e-03
2.103807127241452690e-03 2.183274352550506388e-03
2.076503703392518219e-03 2.283865190545718033e-03
2.106479942995065358e-03 2.031218333045641412e-03
2.056682281363464426e-03 2.283917244275410988e-03
2.100046419400314335e-03 2.248285408814748153e-03
2.050005511591734830e-03 2.077586737275123521e-03
2.013306372646184172e-03 1.996911980708440323e-03
2.014761419559363276e-03 2.115408231814702462e-03
2.031891180195088964e-03 2.025463291009267381e-03
2.012652002122194972e-03 2.075435158610344083e-03
2.086649161356035620e-03 1.952980918685595256e-03
1.976386908609129023e-03 1.929832336306572032e-03
1.962565253961656708e-03 1.924922132492065414e-03
1.940868853125721216e-03 2.020651943484942127e-03
1.987285108043579385e-03 1.902984598278999401e-03
1.914399289489665534e-03 2.028724064429600956e-03
1.926101687786285765e-03 1.974181627233823240e-03
1.899662892355991062e-03 1.943732712666193735e-03
1.897941320748941507e-03 2.008306658267974918e-03
1.930678175085631665e-03 1.999153349796931045e-03
1.892559073894517496e-03 2.075280288855234963e-03
1.898514105960202869e-03 1.911350197593371164e-03
1.876179601822514087e-03 1.837914303938547678e-03
1.869603419436316472e-03 1.869536934296290058e-03
1.861366430603084154e-03 1.898537712295850178e-03
1.895629066893889103e-03 1.853795100251833623e-03
1.813541524825268425e-03 1.829631369312604335e-03
1.799889771973539609e-03 1.920188936591148360e-03
1.849688615038758144e-03 1.831592138608296658e-03
1.807364032174518798e-03 1.854293151696523095e-03
1.785135505087964702e-03 1.821671354770660299e-03
1.793549782632908318e-03 1.850377351045608436e-03
1.771087194356368855e-03 1.802367926637331568e-03
1.784290822797629517e-03 1.839741827050844899e-03
1.789053955690178555e-03 1.807554150621096386e-03
1.757368927428615279e-03 1.797834429144859296e-03
1.751121432789659593e-03 1.844235203663507992e-03
1.756364584252878558e-03 1.857203113039334599e-03
1.758304017130285501e-03 1.795689882834752404e-03
1.714069503577775322e-03 1.786057763298352658e-03
1.754493582666327711e-03 1.799419617652893042e-03
1.733413907459180336e-03 1.781310570240020709e-03
1.717942181130638346e-03 1.777868389089902164e-03
1.733662629703758284e-03 1.778180325031280618e-03
1.724909958284115419e-03 1.777365871270497740e-03
1.723814994875283446e-03 1.800025626023610357e-03
1.722850907754036598e-03 1.755613372723261595e-03
1.705169735942035913e-03 1.749776793519655779e-03
1.699202461168169975e-03 1.761468741297721966e-03
1.716308843242586590e-03 1.757604138056437226e-03
1.717446646580356173e-03 1.753261261185010350e-03
1.686910889475257136e-03 1.752754395206769251e-03
1.698987837698950898e-03 1.753049564361572246e-03
1.710771224679774605e-03 1.751171933611234046e-03
1.677722067142894957e-03 1.745754318435986750e-03
1.719354822853347287e-03 1.752891858418782582e-03
1.718415917821403127e-03 1.749193796515464711e-03
1.708715095446677878e-03 1.750710302591323899e-03
