2.513142096996307373e+01 2.503313964843750128e+01
2.462466305494308472e+01 2.503082589721679696e+01
2.537362462282180786e+01 2.502627236938476685e+01
2.513092803955078125e+01 2.501988000488281116e+01
2.519790899753570557e+01 2.501191004943847673e+01
2.497725152969360352e+01 2.500191807556152312e+01
2.496956026554107666e+01 2.498938418579101395e+01
2.498515290021896362e+01 2.497417608642578202e+01
2.490741235017776489e+01 2.495655036926269688e+01
2.533000802993774414e+01 2.493515481567382963e+01
2.489721375703811646e+01 2.490885113525390793e+01
2.548920559883117676e+01 2.487554563903808713e+01
2.570164585113525391e+01 2.483372813415527247e+01
2.560929602384567261e+01 2.478394200134277270e+01
2.519104021787643433e+01 2.471583276367187665e+01
2.526580631732940674e+01 2.462424349975585969e+01
2.429294866323471069e+01 2.447338098144531315e+01
2.450081366300582886e+01 2.404882548522949293e+01
2.384772920608520508e+01 2.255748634338378977e+01
2.087494593858718872e+01 1.863606433868408274e+01
1.506805348396301270e+01 1.020545610809326220e+01
6.294565230607986450e+00 3.509678749084472749e+00
2.915564302355051041e+00 2.705117382049560426e+00
2.443732827901840210e+00 2.513197761535644670e+00
2.447443772107362747e+00 2.473727497100830064e+00
2.278269823640584946e+00 2.461495117187499915e+00
2.486158259212970734e+00 2.456976974487304677e+00
2.399791449308395386e+00 2.459920492172241069e+00
2.389792758971452713e+00 2.457561012268066225e+00
2.379195891320705414e+00 2.476162425994873129e+00
2.282894261181354523e+00 2.458573381423950099e+00
2.077569287270307541e+00 2.483187393188476477e+00
2.434201680123806000e+00 2.472022668838500969e+00
2.299562346190214157e+00 2.457144845962524471e+00
2.253570225089788437e+00 2.457080566406249833e+00
2.361183099448680878e+00 2.460347911834716683e+00
2.252351637929677963e+00 2.466902404785156211e+00
2.436513844877481461e+00 2.456450603485107465e+00
2.329029053449630737e+00 2.471895885467529475e+00
2.232149586081504822e+00 2.457941376686096024e+00
2.334860589355230331e+00 2.458996322631835874e+00
2.208456844091415405e+00 2.458906345367431800e+00
2.352075874805450439e+00 2.456629660606384213e+00
2.331259015947580338e+00 2.456586833953857241e+00
2.418946444988250732e+00 2.456876472473144446e+00
2.262299045920372009e+00 2.456279991149902475e+00
2.249655432999134064e+00 2.456875431060791204e+00
2.428127240389585495e+00 2.456927712440490907e+00
2.295563839375972748e+00 2.456719326019287220e+00
2.311813034117221832e+00 2.499333843231201335e+00
2.275700744241476059e+00 2.457425310134887741e+00
2.295588962733745575e+00 2.457735014915466198e+00
2.329883057624101639e+00 2.458454528808593942e+00
2.389114927500486374e+00 2.456380428314208775e+00
2.225674320012331009e+00 2.457311223983764670e+00
2.354479264467954636e+00 2.465396157264709398e+00
2.312917377799749374e+00 2.463806127548217706e+00
2.271608736366033554e+00 2.482048166275024226e+00
2.319375157356262207e+00 2.461592596054077209e+00
2.383862588554620743e+00 2.463515555381774913e+00
2.328772835433483124e+00 2.456559883117675813e+00
2.315229851752519608e+00 2.459511440277099670e+00
2.570287365466356277e+00 2.458463703155517432e+00
2.343258649110794067e+00 2.467064292907714673e+00
2.383389364928007126e+00 2.458037224769592299e+00
2.127535678446292877e+00 2.466411872863769617e+00
2.344000060111284256e+00 2.463096475601196378e+00
2.442816428840160370e+00 2.457202262878417809e+00
2.276677239686250687e+00 2.456196981430053494e+00
2.430191770195960999e+00 2.458336343765259002e+00
2.304830279201269150e+00 2.459416774749755952e+00
2.482681307941675186e+00 2.456612419128417990e+00
2.430953465402126312e+00 2.456965929031372120e+00
2.311739355325698853e+00 2.458298574447631779e+00
2.184171520173549652e+00 2.477566200256347440e+00
2.258912067860364914e+00 2.469838652610778951e+00
2.393226210027933121e+00 2.460773048400878960e+00
2.394695404917001724e+00 2.458441253662109194e+00
2.440468497574329376e+00 2.457975282669067507e+00
2.453855663537979126e+00 2.456303544998168942e+00
2.305526264011859894e+00 2.456750424385070630e+00
2.462183441966772079e+00 2.456296154022216793e+00
2.247362334281206131e+00 2.456503250122070270e+00
2.358421117067337036e+00 2.459555202484130731e+00
2.506865914911031723e+00 2.457274784088134822e+00
2.357443768531084061e+00 2.456766258239746037e+00
2.432319957762956619e+00 2.456391283035278317e+00
2.360722005367279053e+00 2.456595771789550575e+00
2.184585049748420715e+00 2.457236530303954947e+00
2.277885351330041885e+00 2.457942202568054402e+00
2.315037794411182404e+00 2.457724938392638947e+00
2.520603712648153305e+00 2.457149684906005938e+00
2.324047923088073730e+00 2.457136722564697173e+00
2.212164085358381271e+00 2.457241105079650989e+00
2.401029486209154129e+00 2.457224372863769712e+00
2.312673419713973999e+00 2.457122070312499851e+00
2.406771328300237656e+00 2.457167074203491008e+00
2.341687444597482681e+00 2.457187860488891484e+00
2.204799782484769821e+00 2.457187898635864176e+00
2.314035184681415558e+00 2.457187881469726776e+00
