5.380070497631095350e-02 5.360756232403218746e-02
5.046196901821531355e-02 4.260909842560067773e-02
3.440213235444389284e-02 2.940201068122405559e-02
2.728780280449427664e-02 2.561499922012444586e-02
2.386459753324743360e-02 2.231197683431673795e-02
2.198100660461932421e-02 2.191762569418642670e-02
2.179141136002726853e-02 2.180863014655187726e-02
2.114222776435781270e-02 1.720106264110654593e-02
1.066171036654850468e-02 7.616837061505066231e-03
7.348374729190254584e-03 7.374061864538816735e-03
7.239282589580398053e-03 7.273509560036472976e-03
7.248330010042991489e-03 7.265758154971990734e-03
7.146073519834317267e-03 7.228534912428585812e-03
7.129470835934625939e-03 7.186934235505759716e-03
7.120776692318031564e-03 7.115834971045842394e-03
6.861160229163942859e-03 6.401791164535097778e-03
4.651725645089754835e-03 2.773709928078460507e-03
2.380516248194908258e-03 2.184469809435540810e-03
2.109054592438042164e-03 2.010547130339546129e-03
1.971692382539913524e-03 1.879285808172426187e-03
1.844864340455387719e-03 1.832183016631461214e-03
1.832985311921220273e-03 1.807498553716868628e-03
1.827995257372094784e-03 1.790910484487540089e-03
1.802072310056246351e-03 1.786222160262695979e-03
1.798739466721599456e-03 1.774701752765395213e-03
1.783504148079373408e-03 1.778131576429586858e-03
1.789968859156942926e-03 1.755267086991807446e-03
1.774742310772126075e-03 1.743204677040921524e-03
1.778397727321134880e-03 1.764272240507125389e-03
1.754356451783678494e-03 1.739735068440495525e-03
1.740070471896615345e-03 1.745475382449512836e-03
1.749861492498894222e-03 1.732088036078494042e-03
1.749442683831148315e-03 1.731060949168750085e-03
1.747216843796195462e-03 1.709928698801377323e-03
1.736549665110942442e-03 1.696913564046553802e-03
1.717556645417062100e-03 1.695934624876827002e-03
1.721008981803606730e-03 1.690012697508791462e-03
1.723845763990539126e-03 1.715468551083176862e-03
1.702506083347543608e-03 1.681457490121829323e-03
1.688181035206071101e-03 1.688641145847213920e-03
1.716432697321579326e-03 1.659393587033264339e-03
1.703129949419235345e-03 1.665685364969249349e-03
1.695295087301929016e-03 1.662714063968451228e-03
1.682567778516386170e-03 1.672330776273156516e-03
1.656851674852077849e-03 1.690441109531093389e-03
1.660015669585845899e-03 1.586929932273051236e-03
1.548140513477846980e-03 1.429576054761128034e-03
1.360850908895372413e-03 1.261383637029211968e-03
1.260484403246664442e-03 1.238501077750697732e-03
1.246039953912259080e-03 1.214699677802855149e-03
1.218005701957736164e-03 1.177165273475111462e-03
1.164106904980144463e-03 1.145586328675562982e-03
1.135614191298373044e-03 1.234902822034200653e-03
1.126202881096105557e-03 1.077807803540054010e-03
1.095967299534095218e-03 1.069228521828335943e-03
1.092312281798513141e-03 1.060366055753547698e-03
1.092624126158625586e-03 1.056275386417837581e-03
1.071324750682833837e-03 1.088842710487369914e-03
1.067147397407097742e-03 1.046899186349037336e-03
1.062682586962182540e-03 1.021851809127838351e-03
1.028652320201217663e-03 1.004423898393724812e-03
1.033673255278699799e-03 9.915234063555544708e-04
9.987137541429547127e-04 1.069682500201452058e-03
9.815411599447543267e-04 1.006613650133658666e-03
9.593279005457588937e-04 9.035546108862035908e-04
9.368052596983034164e-04 8.863237144396407530e-04
9.140580355051497463e-04 8.750439174036728218e-04
8.979598551377421245e-04 8.837637674332654569e-04
8.789209759925142862e-04 9.166338986688060686e-04
8.696489476278657094e-04 8.383749946005991660e-04
8.595533895459084306e-04 8.241572973020083737e-04
8.410542145611543674e-04 8.472214776702458039e-04
8.437622436758829281e-04 8.366344377463974524e-04
8.257092617895978037e-04 8.290344699162233155e-04
8.228290189435938373e-04 7.943262917251558974e-04
8.113661151583073661e-04 8.069928617260302417e-04
8.114647116599371657e-04 8.046527073020115495e-04
8.120523471006890759e-04 7.866331957302463707e-04
8.111560173347243108e-04 7.861761573622061405e-04
7.939662009448511526e-04 7.814983237039996311e-04
7.938559269859979395e-04 7.828827847333741374e-04
7.902088523223937955e-04 7.912274977570632473e-04
7.850958422750409227e-04 7.612122758473560680e-04
7.650101142644416541e-04 7.687541124141716864e-04
7.809802259544085246e-04 7.335811064876907039e-04
7.542662538071454037e-04 7.301172454390325584e-04
7.353420214712969027e-04 7.034845020825741813e-04
7.229782686408725567e-04 6.974900343266199343e-04
7.137319839785050135e-04 7.058225055516231805e-04
6.764049817320483271e-04 6.737438457093958277e-04
6.753285351805971004e-04 6.418859834411705378e-04
6.534451431434717961e-04 6.629240278925863095e-04
6.531393287332321052e-04 6.270588860388670582e-04
6.464368002525588963e-04 6.435536206481629051e-04
6.573837531504977960e-04 6.315532782537047751e-04
6.261458565859356895e-04 6.131888630989124067e-04
6.410368155229662079e-04 6.399983390110719483e-04
6.170352417029789649e-04 6.368887984535831492e-04
6.302306287579995114e-04 6.284623345891304780e-04
6.150201379568898119e-04 6.051722975826123729e-04
6.130535825832339469e-04 6.105150491748645436e-04
6.232342302610049956e-04 5.976156926408293657e-04
6.097199802752584219e-04 6.031548145983833820e-04
6.009472126606851816e-04 6.089172479732951615e-04
6.057508539925038349e-04 6.047267220310459379e-04
6.056234678908367641e-04 5.892436106478271540e-04
6.115073715591279324e-04 5.858274230376991909e-04
5.963830990367569029e-04 5.806980366287461948e-04
5.959928712400142103e-04 5.844455531587300356e-04
5.988439402244694065e-04 5.754594812970026396e-04
5.936404727435729001e-04 5.780444803349382710e-04
5.809258382214466110e-04 5.923127559981367085e-04
5.982383217997266911e-04 7.331821943807881325e-04
5.868342786925495602e-04 5.742613325310230721e-04
5.815365420858142897e-04 5.938284339208621532e-04
5.903951118853001390e-04 5.741950044466648251e-04
5.794124290332547389e-04 5.683733543264679611e-04
5.896696434319892433e-04 5.758926336056902073e-04
5.813856787426630035e-04 5.685320443262753543e-04
5.738049344472528901e-04 5.684419393219286576e-04
5.787600352959998418e-04 5.998947149237210397e-04
5.816286738991038874e-04 5.679117471117933746e-04
5.780109568149782717e-04 5.652831446241179947e-04
5.756447467319958378e-04 5.685930932486371603e-04
5.760139792982954532e-04 5.995202923259057570e-04
5.737266756113967858e-04 5.791017551928234752e-04
5.680251538251468446e-04 5.630276832562230993e-04
5.767155880676000379e-04 5.637744684463541489e-04
5.668592843903752510e-04 5.672555362252751365e-04
5.713801128877094015e-04 5.945434286331874318e-04
5.673846221725398209e-04 5.761227575931116007e-04
5.619008329631469678e-04 5.737208348364220001e-04
5.662372077495092526e-04 5.621678333227464464e-04
5.689930731023196131e-04 5.573730786636588164e-04
5.639143982989480719e-04 5.583584511441586073e-04
5.675385027643642388e-04 5.588342137343715876e-04
5.594301251221622806e-04 5.732032750529469922e-04
5.680777289853722323e-04 5.573364719566598069e-04
5.619416851914138533e-04 5.656855919369263574e-04
5.598357447524904273e-04 5.573954545070591848e-04
5.623780375572096091e-04 5.637223466692375951e-04
5.674564558830752503e-04 5.638339653160073794e-04
5.564847147070395295e-04 5.543174061131139752e-04
5.563600029745430220e-04 5.530224811991502065e-04
5.551096719500492327e-04 5.538354184864147101e-04
5.566788254327548202e-04 5.521435036826005671e-04
5.609337404166581109e-04 5.571491747105028480e-04
5.524728439922910184e-04 5.503412444340938237e-04
5.540679917430679779e-04 5.502273647834954318e-04
5.540575780287326779e-04 5.532626591957523488e-04
5.521158354895305820e-04 5.551177496272430290e-04
5.498540213011438027e-04 5.523564718714624178e-04
5.505811504917801358e-04 5.476481060213700403e-04
5.486220766215410549e-04 5.513810497177473735e-04
5.488584756676573306e-04 5.482393971760757267e-04
5.487993016686232295e-04 5.519878550330759026e-04
5.457599140754609834e-04 5.444335420179413632e-04
5.460165357362711802e-04 5.453131152535206638e-04
5.461006962832470890e-04 5.424127944024803583e-04
5.434326503745978698e-04 5.411035431279742625e-04
5.420013521870714612e-04 5.384174114624329377e-04
5.402511665124620777e-04 5.451861484289111104e-04
5.331453553480969276e-04 5.323094164850772358e-04
5.250684196198562859e-04 5.308354332100861939e-04
5.128856844294205075e-04 4.964663512510014698e-04
4.871965693382662721e-04 4.674380797951016575e-04
4.474055776881868951e-04 4.342633662872685818e-04
4.284708816157944966e-04 4.093432307854527608e-04
3.977713590757048223e-04 3.884492564338870579e-04
3.753267335468990495e-04 3.710105170284805354e-04
3.487940473405615194e-04 3.487673768631793791e-04
3.226159786891003023e-04 2.994804410718643339e-04
2.900366289395606145e-04 2.805621636525756912e-04
2.781677487746492261e-04 2.701971382066403748e-04
2.653148288800366572e-04 2.619076764176497818e-04
2.556449201165378327e-04 2.594120306866898318e-04
2.550564433931867825e-04 2.539189944172903779e-04
2.426085790148135857e-04 2.459277031903184252e-04
2.444528573732895893e-04 2.428332808221966843e-04
2.458597723489219788e-04 2.485096756572602317e-04
2.419700539348923485e-04 2.370886079461342888e-04
2.367492071471133386e-04 2.385895105589952436e-04
2.355278685399753158e-04 2.364542606301256455e-04
2.362028420748174540e-04 2.310183193685588776e-04
2.330524829403657350e-04 2.330065608475706540e-04
2.302204229636117816e-04 2.335701066158435424e-04
2.258938404793298105e-04 2.271066642833829974e-04
2.258566365753722494e-04 2.278105653203965630e-04
2.271508312787773320e-04 2.259513161106951884e-04
2.236564441773225553e-04 2.350259712784463773e-04
2.222598001253572875e-04 2.229411551297744154e-04
2.247439608140666678e-04 2.255637809867039323e-04
2.267526457444546395e-04 2.249839290016097948e-04
2.250377098107492202e-04 2.244204738417465705e-04
2.194426813275640598e-04 2.218508885789560736e-04
2.188858137515126145e-04 2.210124168868787820e-04
2.196796291400460177e-04 2.200884792955548619e-04
2.217196347373828758e-04 2.202629840439840336e-04
2.156434270546014886e-04 2.207942295626708074e-04
2.178228506863888470e-04 2.237096597355048289e-04
2.146608300108709955e-04 2.165766694020021532e-04
2.165830470630680793e-04 2.178204180154352798e-04
2.177708945509948535e-04 2.221717454631289002e-04
2.200681497015466448e-04 2.149425167772278655e-04
2.166036211974642356e-04 2.161647641969466349e-04
2.131867992147817858e-04 2.162568546282273019e-04
2.119760201821918599e-04 2.135176666797633516e-04
2.106091386622210848e-04 2.171861143551723217e-04
2.108239668814348988e-04 2.136431545523009845e-04
2.149120994090480963e-04 2.129035276539070765e-04
2.130874561316886684e-04 2.151874028868405730e-04
2.131915257450600620e-04 2.131446875637266203e-04
2.107819876755456789e-04 2.172474000872171018e-04
2.167039594951347681e-04 2.156697854616140830e-04
2.076093893492725329e-04 2.132448615839166450e-04
2.129319694859077572e-04 2.135701028009862057e-04
2.144661829106553341e-04 2.149024599020776805e-04
2.109689723965857411e-04 2.138943601721621235e-04
2.100180806792195654e-04 2.133589839559135726e-04
2.069721036832561367e-04 2.141507317219293327e-04
2.073345315238839248e-04 2.108331872250346350e-04
2.127847149040462682e-04 2.133367014494069736e-04
2.072248887543537421e-04 2.118699021593783982e-04
2.112779415028853691e-04 2.124495905491130543e-04
2.077501621897681616e-04 2.131454912159824744e-04
2.111630198555758398e-04 2.099843809446610976e-04
2.100601710708360770e-04 2.133115725655443384e-04
2.109845092945761280e-04 2.126673102793574799e-04
2.073241463449448929e-04 2.099518571867520222e-04
2.082405220562577597e-04 2.076958267025474925e-04
2.071013052500347840e-04 2.131936784053323208e-04
2.054951934269411140e-04 2.108700861072065891e-04
2.123069801882593310e-04 2.109111975414634799e-04
2.048556536919932114e-04 2.086987539087203913e-04
2.102174582319094043e-04 2.124219847701169783e-04
2.096687320545242983e-04 2.084502323214110220e-04
2.039889877778477967e-04 2.039076973687770078e-04
2.090452591119174031e-04 2.101929810578440083e-04
2.074876865663100034e-04 2.092547830443436396e-04
2.094414940074784681e-04 2.105512322714275797e-04
2.093885783551741042e-04 2.105314306390937418e-04
2.067808767378664925e-04 2.058934727529049269e-04
2.128326456158902147e-04 2.137356631237707916e-04
2.105421505120830261e-04 2.093945090564375278e-04
2.073875685368875565e-04 2.095071429266681662e-04
2.103837845197631395e-04 2.102811606619070517e-04
2.110417112817231100e-04 2.080181536712188972e-04
2.053789091860380722e-04 2.099461499938115594e-04
2.110080901047695079e-04 2.086154328253542189e-04
2.073857490927366598e-04 2.073611119612905895e-04
