2.152625267028808764e+01 2.028945129394531222e+01
2.152350921630859304e+01 2.028651016235351534e+01
2.152028335571289119e+01 2.028310256958007685e+01
2.151630546569824176e+01 2.027873764038086080e+01
2.151117706298828125e+01 2.027311798095703210e+01
2.150447486877441250e+01 2.026567916870117259e+01
2.149595726013183494e+01 2.025632720947265497e+01
2.148512786865234503e+01 2.024455398559570440e+01
2.147157554626464915e+01 2.022964500427245937e+01
2.145423645019531378e+01 2.021048950195312344e+01
2.143066169738769489e+01 2.018125404357910213e+01
2.139460250854492074e+01 2.014195320129394418e+01
2.135184661865234546e+01 2.009865623474120966e+01
2.130269378662109503e+01 2.004288928985595675e+01
2.123457786560058480e+01 1.996562778472900490e+01
2.114805229187011548e+01 1.987203636169433452e+01
2.103893600463867131e+01 1.975170928955078153e+01
2.088428764343261790e+01 1.955276828765869013e+01
2.060478713989257926e+01 1.918579299926757642e+01
2.008461196899413892e+01 1.848307937622070440e+01
1.901148628234863125e+01 1.693159004211425867e+01
1.657779205322265526e+01 1.352715270996093722e+01
1.159098983764648416e+01 7.188453826904297017e+00
4.988390769958495952e+00 2.532565135955810565e+00
2.690402460098266779e+00 2.198050894737243688e+00
2.427519683837890518e+00 2.056661643981933629e+00
2.319786968231201119e+00 1.998025064468383682e+00
2.271189455986022843e+00 1.968265390396118253e+00
2.254886784553527868e+00 1.966241092681884739e+00
2.246510815620422541e+00 1.954959449768066460e+00
2.239989814758300835e+00 1.950434660911560147e+00
2.236656293869018430e+00 1.942810237407684326e+00
2.237852034568786674e+00 1.944192118644714418e+00
2.237862620353698873e+00 1.942395401000976518e+00
2.239676537513732857e+00 1.957081842422485396e+00
2.243017354011535680e+00 1.960121533870696986e+00
2.240423278808593821e+00 1.941893329620361319e+00
2.244033899307250834e+00 1.939999561309814435e+00
2.236216554641723420e+00 1.953356971740722647e+00
2.235937747955322408e+00 1.946679871082305890e+00
2.238317155838012606e+00 1.939511713981628471e+00
2.239020652770995934e+00 1.964086618423461994e+00
2.238256907463073819e+00 1.947763128280639577e+00
2.236243190765380806e+00 1.942176008224487216e+00
2.240261487960815590e+00 1.946039261817932076e+00
2.239596991539001269e+00 1.946405386924743741e+00
2.238754658699035449e+00 1.961169462203979474e+00
2.238313689231872683e+00 1.942618532180786062e+00
2.236884875297546316e+00 1.948368806838989276e+00
2.236767749786376935e+00 1.947958364486694238e+00
2.236191339492797692e+00 1.945084733963012624e+00
2.240122413635253995e+00 1.948272981643676793e+00
2.238597493171691877e+00 1.940555944442748926e+00
2.241364250183105256e+00 1.945326280593872026e+00
2.236011157035827424e+00 1.942608299255371040e+00
2.236346154212951465e+00 1.943765096664428649e+00
2.239465680122375346e+00 1.953652729988098136e+00
2.234593815803527672e+00 1.945420427322387624e+00
2.236860995292663468e+00 1.948736219406127956e+00
2.238708734512329102e+00 1.953671302795410236e+00
2.235785517692566060e+00 1.948250265121459934e+00
2.243062987327575808e+00 1.945136566162109393e+00
2.235926942825317454e+00 1.942197570800781259e+00
2.243249535560607910e+00 1.946207590103149476e+00
2.235223073959350604e+00 1.944155659675598224e+00
2.237279548645019656e+00 1.948129978179931721e+00
2.234176297187805194e+00 1.949389667510986301e+00
2.235086550712585662e+00 1.947915811538696307e+00
2.235983896255492986e+00 1.946997423171997088e+00
2.234797925949096875e+00 1.949956340789794851e+00
2.234030432701110680e+00 1.947658491134643510e+00
2.234683623313904022e+00 1.948063678741455140e+00
2.235891151428222479e+00 1.947809600830078036e+00
2.234154405593872017e+00 1.944930973052978462e+00
2.234819121360778649e+00 1.944997889995574880e+00
2.234896378517150950e+00 1.946997456550598082e+00
2.234828686714172452e+00 1.946405792236328036e+00
2.234411039352417028e+00 1.949835777282714844e+00
2.234522647857665856e+00 1.946997442245483434e+00
2.234319591522216708e+00 1.945485248565673730e+00
2.234017124176025604e+00 1.947886967658996493e+00
2.234125642776489062e+00 1.946397614479064897e+00
2.234114632606506223e+00 1.947674608230590909e+00
2.233783249855041397e+00 1.947847480773925888e+00
2.234267425537109553e+00 1.946924905776977521e+00
2.233806858062743927e+00 1.946405773162841690e+00
2.234209957122802681e+00 1.946297371387481601e+00
2.234075055122375364e+00 1.946297326087951696e+00
2.233761754035949565e+00 1.946405849456787074e+00
2.233945527076721227e+00 1.946924905776977521e+00
2.233875808715820366e+00 1.946305627822876083e+00
2.234172487258911044e+00 1.946961474418640092e+00
2.233840460777282821e+00 1.946961498260498136e+00
2.233851528167724698e+00 1.946970133781433132e+00
2.233710794448852344e+00 1.946970043182373100e+00
2.233717975616455131e+00 1.946961464881896919e+00
2.233709950447082537e+00 1.946970065832138053e+00
2.233717384338378853e+00 1.946961503028869611e+00
2.233710718154907404e+00 1.946961541175842303e+00
2.233710727691650355e+00 1.946961479187011790e+00
