5.335138901136815548e-02 5.323465963999430423e-02
5.097207502694800496e-02 4.865144964853922865e-02
4.262584203388541937e-02 3.683538808822631877e-02
3.329447450232692063e-02 3.035818206469217961e-02
2.566225574992131442e-02 2.271408394177754780e-02
2.143091679317876697e-02 2.093896450996398859e-02
2.067170255759265274e-02 2.077529420852661235e-02
2.049114418332464993e-02 2.045414756139119633e-02
1.775145537976641208e-02 1.480448050498962484e-02
9.837650588451651856e-03 6.684046391646067051e-03
6.486706282885279506e-03 6.479225778579711902e-03
6.391226816049311310e-03 6.355827478567758863e-03
6.309935353783657774e-03 6.400065279006958083e-03
6.223204392881598324e-03 5.922306593259175737e-03
5.727818446757737547e-03 5.314470628897349086e-03
4.883994181000161916e-03 4.482334446907043635e-03
4.268962735295644961e-03 4.059773294130960934e-03
3.857368736134958453e-03 3.671049731969833283e-03
3.600723373892833479e-03 3.720316261053085386e-03
3.720170401720679365e-03 3.678674711783726844e-03
3.578212861611973494e-03 3.593617729345957232e-03
3.549447426848928444e-03 3.619354359308878631e-03
3.547522699591354467e-03 3.494669431447982970e-03
3.494176104140933603e-03 3.762337422370910529e-03
3.476289273748989217e-03 3.824837362766266013e-03
3.399654480745084584e-03 3.262652617692947572e-03
3.420953615204780363e-03 3.404266341527302942e-03
3.376518438017228618e-03 3.235059060653050923e-03
3.410156446989276446e-03 3.229396953185399363e-03
3.298716534118284471e-03 3.570984387397765913e-03
3.277694475400494412e-03 3.166195855538050247e-03
3.400592388061340898e-03 3.274427539110183905e-03
3.241745598643319681e-03 3.163575808207193946e-03
3.257886653955210932e-03 3.211758118867874198e-03
3.283162121078930795e-03 3.874051014582316141e-03
3.343424601553124376e-03 3.507226479053497398e-03
3.377083488885546103e-03 3.232988131046295351e-03
3.244973649998428300e-03 3.132619992891947595e-03
3.221046543330885470e-03 3.101787338654200116e-03
3.285716009486350231e-03 3.117110105355580790e-03
3.231712636988959275e-03 3.112224799394607607e-03
3.232506953281699680e-03 3.231055986881256007e-03
3.271489127655513585e-03 3.109470442930857385e-03
3.252280808737850748e-03 3.163824987411498896e-03
3.254058836319018155e-03 3.056993808348973732e-03
3.165815644024405628e-03 3.414954668283462415e-03
3.264760385718545876e-03 3.098108367125193118e-03
3.203419821147690527e-03 2.992883527278900231e-03
3.212730431187083013e-03 3.530401156346003270e-03
3.185423312970669940e-03 3.090162388483683187e-03
3.216811755919479765e-03 3.017957526445388949e-03
3.209704473192687146e-03 3.204315477609634248e-03
3.228618070352240466e-03 3.075946303208669085e-03
3.158750976581359282e-03 3.292717019716898813e-03
3.285206435975851491e-03 3.252482777833938434e-03
3.197011908923741430e-03 3.050817000865936168e-03
3.159705031066550873e-03 3.583680071433385361e-03
3.201233899744693190e-03 2.981141803661982101e-03
3.133642965622129850e-03 3.748262210687001734e-03
3.129914710370940156e-03 2.940500418345133680e-03
3.219601525415782817e-03 3.559442991018295106e-03
3.120165965810883790e-03 2.963066218296686594e-03
3.083666691964026541e-03 3.065642074743906743e-03
3.068000492930877954e-03 3.121816595395406069e-03
3.132520763756474480e-03 3.039624752600987925e-03
3.070522951020393521e-03 3.265358352661132824e-03
3.070002838285290636e-03 2.892857919136682977e-03
3.074617048696381971e-03 2.916200629870096921e-03
3.114940811428823508e-03 2.893286875883738056e-03
3.013011864823056385e-03 3.397053696711858049e-03
3.053029540751595050e-03 3.308415025472640804e-03
3.074616308367694728e-03 3.247161992390950377e-03
2.995543794895638712e-03 2.833059241374333900e-03
3.011837523445137776e-03 2.877881993850072220e-03
2.998263962581404485e-03 2.852325447400411162e-03
3.059436668991111219e-03 2.954284288485844751e-03
2.970940782688558102e-03 2.828500725825627751e-03
2.975244737172033638e-03 2.846261133750279618e-03
2.990075920024537481e-03 3.539613024393717562e-03
3.000407225044909865e-03 2.757348891099293924e-03
2.940652420875267126e-03 2.829524493217468097e-03
2.897161313740070909e-03 2.825227316220601387e-03
2.929664444309310056e-03 2.799108199278513634e-03
2.988622944030794315e-03 2.918354549010594538e-03
2.913103007813333534e-03 2.857215964794158816e-03
2.838354052073555067e-03 2.723647209008534919e-03
2.855504904800909571e-03 2.938045700391133785e-03
2.874206351407337934e-03 2.747322020928064795e-03
2.876727212424157187e-03 2.720165618260701398e-03
2.839724991645198315e-03 3.231781578063964728e-03
2.849776135917636566e-03 3.139521215359369812e-03
2.782798655971419066e-03 2.808698678016662443e-03
2.753139451669994742e-03 3.021580936511357451e-03
2.812488077324815094e-03 2.721065503358841096e-03
2.795787702780216932e-03 2.808539491891861098e-03
2.814282690451364033e-03 3.061170796553294021e-03
2.770643108306103386e-03 2.611861685911814369e-03
2.764119219136773609e-03 2.647581273317337058e-03
2.782884903353988193e-03 3.015876688559849996e-03
2.735352692980086431e-03 2.639905770619710088e-03
2.755873936621355824e-03 2.630359021822611509e-03
2.746398942690575495e-03 2.708387955029805706e-03
2.669597006388357840e-03 2.949385672807693353e-03
2.714290978474309668e-03 2.627233588695526006e-03
2.661014865225297399e-03 3.034383990367253790e-03
2.624662974994862452e-03 2.574757800499598032e-03
2.618364596855826676e-03 2.486003331343333064e-03
2.643576295668026432e-03 2.506438142061233592e-03
2.601133626740192994e-03 2.402707584698994970e-03
2.637001698531094007e-03 2.456393820047378385e-03
2.568549276475096121e-03 2.453099703788757125e-03
2.631968696732656099e-03 2.436667507886886627e-03
2.573639389083837159e-03 2.441480884949366170e-03
2.537520539590332191e-03 2.542483407258987280e-03
2.512254814064363018e-03 2.444755536317825498e-03
2.515773736377013847e-03 2.380805963277816614e-03
2.496205759598524310e-03 2.490170971552531018e-03
2.462697388182277791e-03 2.530416752894719401e-03
2.524792567783151753e-03 2.522246174017588223e-03
2.432602279441198334e-03 2.260440382361411909e-03
2.463956760038854554e-03 2.576460578044255725e-03
2.482728184986626729e-03 2.666688444217045918e-03
2.386328200373100117e-03 2.286952745914459188e-03
2.413148455161717720e-03 2.464240216215451713e-03
2.403610007604584098e-03 2.402945121129354024e-03
2.386038301665394101e-03 2.314221868912379101e-03
2.282445238051877823e-03 2.766812556982040355e-03
2.362539867135637905e-03 2.247219929099082778e-03
2.362227158300811425e-03 2.614980055888493742e-03
2.351994486161856912e-03 2.207259898384412045e-03
2.271146582643268630e-03 2.286420050263404929e-03
2.280567273373890202e-03 2.351112860441207687e-03
2.306827767824870534e-03 2.375591588020324520e-03
2.234057444184145425e-03 2.212948359052340115e-03
2.231152822787407786e-03 2.218597221374511708e-03
2.318796940926404204e-03 2.221329743663469965e-03
2.235327763628447428e-03 2.166432270407676539e-03
2.209596515058365185e-03 2.453690948088963798e-03
2.220878515799995512e-03 2.191782551010449699e-03
2.155917903110093903e-03 2.104356060425440628e-03
2.191921222220116761e-03 2.331052736441294355e-03
2.184776678404887207e-03 2.413124889135360822e-03
2.136222685294342227e-03 2.197915191451708591e-03
2.138931374247476924e-03 2.276449562112490502e-03
2.175586316297994927e-03 2.116425095995267194e-03
2.125096004419901874e-03 2.182553410530090228e-03
2.137093197234207764e-03 2.204421445727348505e-03
2.073784236017672811e-03 1.969726852575938002e-03
2.032332948147086427e-03 2.040122437477111944e-03
2.051990210020449013e-03 1.989971743027369334e-03
2.042531113147560973e-03 1.951959712306658391e-03
2.022722601395798847e-03 1.934526020288467301e-03
2.071791913294873666e-03 2.027549094955126245e-03
2.027665862442518119e-03 1.999648114045461146e-03
1.967691457139153499e-03 2.005555090308189323e-03
2.008119488891679794e-03 2.008414785067240416e-03
1.983115514121891465e-03 1.899073540170987404e-03
1.997189637222618330e-03 2.073395765821139155e-03
2.005979195928375702e-03 1.990432437260945646e-03
1.932211996972910129e-03 1.882451026638348908e-03
1.957081126420234796e-03 1.933099979162216124e-03
1.932323964865645394e-03 1.895909968018531745e-03
1.950658930581994355e-03 1.887182618180910810e-03
1.942723569300142117e-03 1.917602609594662964e-03
1.922685230056231376e-03 1.927450151244799277e-03
1.939131328072107863e-03 1.876018680135409060e-03
1.917947498441208154e-03 2.054355603456497342e-03
1.906331515783676878e-03 1.931853830814361621e-03
1.895142670036875643e-03 1.805928449829419420e-03
1.866681838691874873e-03 2.073051686088244177e-03
1.891898393296287395e-03 1.934530020753542608e-03
1.910566262267821003e-03 1.838606024781862984e-03
1.883285623080155347e-03 1.865846017003059331e-03
1.845284294176963158e-03 1.885748194654782552e-03
1.848484840593300760e-03 1.927955487370491047e-03
1.870620428235270083e-03 1.899101372559865381e-03
1.862922664258803707e-03 1.825249893466631551e-03
1.818720603296242189e-03 1.761560050646463925e-03
1.826141693527461030e-03 1.819209863742192587e-03
1.818109320993244182e-03 1.819945608576138815e-03
1.804820572033349890e-03 1.760501556595166477e-03
1.805288010473304894e-03 1.769089261690775551e-03
1.793636621187033597e-03 1.743227120240529310e-03
1.767368793480272871e-03 1.763852045933405515e-03
1.774519726495782379e-03 1.750235297282536854e-03
1.761242588145250920e-03 1.733168911933898829e-03
1.740028711537888739e-03 1.796820191542307594e-03
1.755983996190479957e-03 1.744146490097045867e-03
1.723775863865739666e-03 1.837142556905746503e-03
1.760770334840344731e-03 1.708961726228396157e-03
1.732837260533415247e-03 1.706843586762746235e-03
1.724484242004109547e-03 1.716552046934763679e-03
1.699260234090615995e-03 1.738170118133226978e-03
1.706706055301765446e-03 1.699549595514933224e-03
1.735765958073898219e-03 1.710910555720329294e-03
1.695977694907924160e-03 1.666880071163177488e-03
1.691396427304425742e-03 1.736861151456832886e-03
1.685214581812033430e-03 1.680607110261917196e-03
1.665961217440781184e-03 1.819258850812911906e-03
1.698788801149930805e-03 1.643143218755721991e-03
1.645213159463310149e-03 1.637210311492284060e-03
1.663962805650953669e-03 1.678578815857569451e-03
1.655674605899548624e-03 1.632931487758954329e-03
1.644399909309868235e-03 1.635918358961741068e-03
1.668993700150167570e-03 1.614857808748880940e-03
1.619996627596265171e-03 1.627145698666572493e-03
1.641846878555952571e-03 1.623594455917676347e-03
1.633549691177904606e-03 1.618754910429318766e-03
1.631205238481925335e-03 1.617126566171646221e-03
1.606343867933901493e-03 1.600001481175422624e-03
1.618057244741066825e-03 1.651316392421722399e-03
1.616372408534516580e-03 1.601428138216336606e-03
1.593416150171833578e-03 1.624171213308970088e-03
1.594001875673711766e-03 1.616304144263267612e-03
1.615995842257689219e-03 1.604013669490814186e-03
1.586468443747435231e-03 1.632164557774861639e-03
1.573353932144527789e-03 1.595525064071019522e-03
1.577670633196248673e-03 1.570788578192392881e-03
1.578159886776120402e-03 1.581976644198099724e-03
1.585537894243316259e-03 1.571889715393384214e-03
1.583631712492206134e-03 1.604311781128247563e-03
1.557701537421962712e-03 1.571176856756210331e-03
1.560105905809905380e-03 1.588128287593523714e-03
1.559981644277286250e-03 1.559163462122281326e-03
1.554771351948147640e-03 1.556303354104359967e-03
1.561384736305626575e-03 1.556426959236462907e-03
1.556761562824249268e-03 1.545169883966445931e-03
1.541042322060093284e-03 1.544129642844200168e-03
1.558681367896497250e-03 1.558514104286829599e-03
1.550190368106996175e-03 1.568232583006223075e-03
1.549976806927588768e-03 1.538798523942629592e-03
1.545813829579856247e-03 1.535582149028777996e-03
1.520616640846128576e-03 1.539006214340527846e-03
1.530303078652650584e-03 1.534910394748051961e-03
1.529819969618984032e-03 1.534515532851219279e-03
1.550304221382248215e-03 1.534623523553212436e-03
1.547439543173823040e-03 1.530333666006723986e-03
1.525192389635776635e-03 1.531716813643773474e-03
1.520539438388368580e-03 1.535912782947222418e-03
1.523219599221192766e-03 1.524509312709172639e-03
1.524429644632618874e-03 1.525998991727828963e-03
1.525073361335671507e-03 1.528092400232950940e-03
1.531171677925158292e-03 1.528340130050977142e-03
1.495191854701261036e-03 1.526003868381182451e-03
1.510450430032506119e-03 1.522829014062881568e-03
1.499342303759476636e-03 1.523302037517229807e-03
1.512185876890725922e-03 1.523739872376124113e-03
1.510147933004191145e-03 1.523084331552187684e-03
1.501819339864596259e-03 1.526731781164805072e-03
1.538509875899762847e-03 1.526007612546284977e-03
