5.376527865882962942e-02 5.388984079360961688e-02
5.226607993245124817e-02 5.064795853296915479e-02
4.635548510123044252e-02 4.216990915934244744e-02
3.585496942105237395e-02 2.911866497993469138e-02
2.315812508459202945e-02 1.738321421941121589e-02
1.378495154494885355e-02 1.176825658480326262e-02
1.023243716190336272e-02 8.777639977137248126e-03
7.402261693641776219e-03 6.625009206930796563e-03
6.359909781167516485e-03 6.226309176286061453e-03
6.077073561755241826e-03 5.800319091478983204e-03
5.452531389892101288e-03 5.057136849562327008e-03
4.890075626462930813e-03 4.522627615928649647e-03
4.266914589607040398e-03 4.045081774393717404e-03
3.983262326073599979e-03 3.866164803504944063e-03
3.938472362278844230e-03 3.861928957700729199e-03
3.810291829722700641e-03 3.755080860853195202e-03
3.748075112525839359e-03 3.802319941918055023e-03
3.868592502840328962e-03 3.797005754709243883e-03
3.704135418956866488e-03 3.684873143831888642e-03
3.780150249440339394e-03 3.635229496161142791e-03
3.788717149291187525e-03 3.671120202541351251e-03
3.671709453556104563e-03 3.552595208088556774e-03
3.659084755781805143e-03 3.487034934759139851e-03
3.525990299749537371e-03 3.447871637344360370e-03
3.597831151637365110e-03 3.580446098248163660e-03
3.565744154911953956e-03 3.382723810275395631e-03
3.499402835586806759e-03 3.400556540489196693e-03
3.530739140842342749e-03 3.385256574551264320e-03
3.395996889594243839e-03 3.267461284001668253e-03
3.450419511864311062e-03 3.320811327298482055e-03
3.491925241178250872e-03 3.432514301935831597e-03
3.331244006403721869e-03 3.454029238224029432e-03
3.317538550618337467e-03 3.223734645048777214e-03
3.373454695974942297e-03 3.188942873477935980e-03
3.297795738035347313e-03 3.289255460103353030e-03
3.340120854772976600e-03 3.345264369249343912e-03
3.263140499257133342e-03 3.201174811522166080e-03
3.338003922181087546e-03 3.319195338090260693e-03
3.271402852988103405e-03 3.195432390769322503e-03
3.295575887023005635e-03 3.730737596750259479e-03
3.292926372523652390e-03 3.431681317090988243e-03
3.303128953120904043e-03 3.096539533138274996e-03
3.298040428489912301e-03 3.197547934452692545e-03
3.265242947236401960e-03 3.183936484654744346e-03
3.331919595439103432e-03 3.162818290789922056e-03
3.158889741825987585e-03 3.133724733193715434e-03
3.270698380219982937e-03 3.278454454739888630e-03
3.191717180015984923e-03 3.078119381268819288e-03
3.117898564596544020e-03 3.086682313680648611e-03
3.216378487195470370e-03 3.579989641904830940e-03
3.229612620998523198e-03 3.151098060607910364e-03
3.149325597405550070e-03 3.175241899490356418e-03
3.167901562846964225e-03 3.390655346711476600e-03
3.190949999407166615e-03 3.016856334606806290e-03
3.188888083968777210e-03 2.960373890399932689e-03
3.099335042861639522e-03 3.024244085947672741e-03
3.161872778946417384e-03 3.121396342913309533e-03
3.104889008682221174e-03 3.005535552899042673e-03
3.093123872531577945e-03 3.272669365008671911e-03
3.100108759099384770e-03 2.951464746395746856e-03
3.066457082240958698e-03 3.129118764400482325e-03
3.112715259703691117e-03 2.969859611988067468e-03
3.070599270358798094e-03 2.950340521335601939e-03
3.020193493284750730e-03 3.154973544677098715e-03
3.035242318219388835e-03 3.072648493448893164e-03
3.050254390473128296e-03 2.976745190223058050e-03
3.156367374685942195e-03 2.914989288647969450e-03
3.030380650670849718e-03 2.966572978099187366e-03
2.996266928676050156e-03 2.917421615123748715e-03
2.951728985863155685e-03 3.054093980789184589e-03
3.042044987523695454e-03 3.079876450697580873e-03
3.040267629330628552e-03 3.032022931178410957e-03
2.985740009535220452e-03 2.797349564234415890e-03
3.004778171089128591e-03 3.372649143139521202e-03
2.975292865812662058e-03 2.839584412177403785e-03
2.956883925435249694e-03 2.908227906624476222e-03
2.934317175459000282e-03 3.172322996457417870e-03
2.922673549619503319e-03 3.109487466017404975e-03
2.867884133593179286e-03 2.846180492639541811e-03
2.896291476645274088e-03 3.318170656760533604e-03
2.957558388516190462e-03 2.842218075195948081e-03
2.941207547337398864e-03 3.427711731195449626e-03
2.878452638469752856e-03 2.784003508090973113e-03
2.945047503089881502e-03 2.904660791158676213e-03
2.865974476662813686e-03 2.900616943836212269e-03
2.912460315201315098e-03 3.163103699684143098e-03
2.868403409593156539e-03 2.853875851631164536e-03
2.840442537490162067e-03 3.407570491234461485e-03
2.836373358150012791e-03 2.704851909478505397e-03
2.809220153721980751e-03 2.783569628000259494e-03
2.778654839858063497e-03 2.657178523143132604e-03
2.730540654738433659e-03 2.671837713321050054e-03
2.776236287900246680e-03 2.827659918864567929e-03
2.743986467976355925e-03 2.709167551994323686e-03
2.722883467868086882e-03 2.675395719210306878e-03
2.730653081016498618e-03 3.332282547156016021e-03
2.714342041144846007e-03 2.576640160878499158e-03
2.833899376128101721e-03 2.596573863426844368e-03
2.735584186666528694e-03 2.648620998859405311e-03
2.712355153562384658e-03 2.823920746644338099e-03
2.666339341885759495e-03 2.639888135592142939e-03
2.722068813454825431e-03 2.529589305321375443e-03
2.647726540089934133e-03 2.706953386465708617e-03
2.683910061023198068e-03 2.955845781167348169e-03
2.660829684828058816e-03 2.846663908163706274e-03
2.649110785569064319e-03 2.744416030248006313e-03
2.663818580913357437e-03 2.953158581256866422e-03
2.570874310549697839e-03 2.657818675041198880e-03
2.612824539028224535e-03 2.466586726903915311e-03
2.601283462354331277e-03 2.692974654833475961e-03
2.646987848493154161e-03 2.611572110652923395e-03
2.560210197771084495e-03 2.644723274310429705e-03
2.505926044250372797e-03 2.586499957243601575e-03
2.542119536883546971e-03 2.583001408974329796e-03
2.534467268560547382e-03 2.557477412621180120e-03
2.547848724134382792e-03 2.577803303798039715e-03
2.531025231292005628e-03 2.553997540473937865e-03
2.454649400533526205e-03 2.412268159786860357e-03
2.506652972442680039e-03 2.714683485031127962e-03
2.451605312671745196e-03 2.335889547069867553e-03
2.454371329804416746e-03 2.329659231503804391e-03
2.447557835694169626e-03 2.384007213513056247e-03
2.409257460385560989e-03 2.577690213918685819e-03
2.410919332760386169e-03 2.406462665398915492e-03
2.354047645894752350e-03 2.465697435537973943e-03
2.410791379588772543e-03 2.244018633166948960e-03
2.358228377488558181e-03 2.674449586868285923e-03
2.366907495343184564e-03 2.267430317401885990e-03
2.291489287017611787e-03 2.263979429999987171e-03
2.309379245161835570e-03 2.391451674699783189e-03
2.376180583269160707e-03 2.329651990532875198e-03
2.260500441479962319e-03 2.361144424478212912e-03
2.249285706056980416e-03 2.283932275573412416e-03
2.259700320792035200e-03 2.203407956163088485e-03
2.256989930174313486e-03 2.170589988430341160e-03
2.248332561066490598e-03 2.144956612586975016e-03
2.192308966186828911e-03 2.149290410677592075e-03
2.175978521336219274e-03 2.159056321779886933e-03
2.130338484676030930e-03 2.128263811270395944e-03
2.190562830946873873e-03 2.250518307089805804e-03
2.143433644050674047e-03 2.108176728089650436e-03
2.160051637474680319e-03 2.165199918548266125e-03
2.114055943820858374e-03 2.019450238347053356e-03
2.088853291752457153e-03 2.124585033456484560e-03
2.065256963760475628e-03 2.079974251985550106e-03
2.076680474601744208e-03 2.047400236129760711e-03
2.029251722888147924e-03 1.959068350990613317e-03
2.008011304496903904e-03 2.079693371057510318e-03
2.077362825730233453e-03 2.047126061717668977e-03
2.039376508946588729e-03 1.910075966517130446e-03
1.974491453438531607e-03 2.039068695902824298e-03
1.981665434868773445e-03 2.004064860939979743e-03
2.013407014601398259e-03 2.000815811753273079e-03
1.998622804421756882e-03 1.956336794296900314e-03
1.955474873284401838e-03 2.098591491580009249e-03
1.975118227164784912e-03 1.978056267897287859e-03
1.890861664833209943e-03 2.069186810652414756e-03
1.902581368995015509e-03 2.092985447247822876e-03
1.899951005725597497e-03 1.915461560090382957e-03
1.836357548199885059e-03 1.834679841001828592e-03
1.926938582982984371e-03 2.219801550110181345e-03
1.883532977444701828e-03 1.995943410197893904e-03
1.916893366797012277e-03 2.036972887317339571e-03
1.871272770586074330e-03 1.870002031326293938e-03
1.866315328697965015e-03 1.889242202043533341e-03
1.834114976190903690e-03 1.822462697823842284e-03
1.840687250478367787e-03 1.792157248655954936e-03
1.872302754236443434e-03 1.819407738248507130e-03
1.866861800408514682e-03 1.825986559192339497e-03
1.796590408048359677e-03 1.822409638762473999e-03
1.796945475689426530e-03 1.796876612305641071e-03
1.777926981048949528e-03 1.853040080269177832e-03
1.798577378394838888e-03 1.821391109625498462e-03
1.805370970032527111e-03 1.745144129792849117e-03
1.802985433641879354e-03 1.841280230879783651e-03
1.786032156815053895e-03 1.743296342094739337e-03
1.749291921441908926e-03 1.730326704184214325e-03
1.756662833940936252e-03 1.941123513380686380e-03
1.741917595609265845e-03 1.789557663599650053e-03
1.735314933284826111e-03 1.731411543488502441e-03
1.738747513627458829e-03 1.714140396316846159e-03
1.747322494338732213e-03 1.768312125404675758e-03
1.714927152534073684e-03 1.733805563052495408e-03
1.760183963597228285e-03 1.870055683453877718e-03
1.741025863339018542e-03 1.764335916439692268e-03
1.681565195212897379e-03 1.761069876948992462e-03
1.697129251624573953e-03 1.755028451482454994e-03
1.704029329630429856e-03 1.690644437074661230e-03
1.690781877186964266e-03 1.650202829639116874e-03
1.705814631350222044e-03 1.735506130258242284e-03
1.700669636193197221e-03 1.682352669040361980e-03
1.674658485171676148e-03 1.673651190598805794e-03
1.645082591494428925e-03 1.637002865473429283e-03
1.602727043064078316e-03 1.692947917183240149e-03
1.650660216910182498e-03 1.623261716961860732e-03
1.651563872655970044e-03 1.742577241857846612e-03
1.633328854040883016e-03 1.652967569231987045e-03
1.629137939744396135e-03 1.607128134369850084e-03
1.604024771950207651e-03 1.583892800410588659e-03
1.617248684851801954e-03 1.599538131554921428e-03
1.563366919981490355e-03 1.571705467502276105e-03
1.608462358490214683e-03 1.757741552591323775e-03
1.600631756446091458e-03 1.562286241849263459e-03
1.568072145346377511e-03 1.683031693100929278e-03
1.526439738881890662e-03 1.567363215486208524e-03
1.573944420670159161e-03 1.688201623161633908e-03
1.540404030492936727e-03 1.564769709110260020e-03
1.548746043226856273e-03 1.547681603829065928e-03
1.507152654085075483e-03 1.565001331766446456e-03
1.515452699095476419e-03 1.561881900827089996e-03
1.530728440229722764e-03 1.585941117008527216e-03
1.531944135422236286e-03 1.517022622625033160e-03
1.532883403342566453e-03 1.531328358252843176e-03
1.505466784692544024e-03 1.526746057470639625e-03
1.498435000030440278e-03 1.494491798679033851e-03
1.493050105636939406e-03 1.512018870313962347e-03
1.483639225625665858e-03 1.489717896779378182e-03
1.488803794018167537e-03 1.513360525170962109e-03
1.469862772864871658e-03 1.495248101154963115e-03
1.468399209443305153e-03 1.490171644091606209e-03
1.481537376093911007e-03 1.479708104332288186e-03
1.458019928577414248e-03 1.465062629183133376e-03
1.459670867006934714e-03 1.503941933314005466e-03
1.476839231145277154e-03 1.487284556031227096e-03
1.462663894926663488e-03 1.466784337162971427e-03
1.446039622351236176e-03 1.463014906644821179e-03
1.446816373572801240e-03 1.470970330635706577e-03
1.429345258657122031e-03 1.465249478816986126e-03
1.418327760802640114e-03 1.461980015039443959e-03
1.440736846234358381e-03 1.458273357152938899e-03
1.434863192116608843e-03 1.443906018137931921e-03
1.413358232639438938e-03 1.439974386493364988e-03
1.416435910869040526e-03 1.471296319365501468e-03
1.437573441762651782e-03 1.441813919941584187e-03
1.401926690050459001e-03 1.441599354147911089e-03
1.426082609214063268e-03 1.435689639051755282e-03
1.409803860042302404e-03 1.430110920468966084e-03
1.406970050084055401e-03 1.425351485610008200e-03
1.386788503623392899e-03 1.432174671689669197e-03
1.396349645801819861e-03 1.428852238257726035e-03
1.408430202900490258e-03 1.426734225948651531e-03
1.403140860929852352e-03 1.425292922059694968e-03
1.396319307787052821e-03 1.419542598724365208e-03
1.399568723172706086e-03 1.427629703283309981e-03
1.381106200824433472e-03 1.423320906360944034e-03
1.408861451636767015e-03 1.419931727647781366e-03
1.391700610838597640e-03 1.417717644572257961e-03
1.391126611451909412e-03 1.418748921155929587e-03
1.411061452017747797e-03 1.421532299121220939e-03
1.403230944561073557e-03 1.421357447902361513e-03
