4.186648875474929810e-02 4.193898674647013325e-02
4.013679613126441836e-02 3.873336178461710827e-02
3.590526437619701028e-02 3.330193967819213702e-02
2.971463534049689770e-02 2.716253678003946806e-02
2.426247902621980757e-02 2.241480450630187887e-02
2.114748326130211353e-02 2.056985966364542617e-02
1.944527664454653859e-02 1.811598350207010988e-02
1.670406694029225037e-02 1.614078458944956385e-02
1.559757343784440309e-02 1.527222367127736326e-02
1.497494386421749368e-02 1.482754832108815549e-02
1.480483903287677094e-02 1.465121827125549260e-02
1.447489708516513929e-02 1.448777004082997706e-02
1.427621963375713676e-02 1.278722607294718351e-02
8.663933775096666068e-03 7.170265364646911943e-03
7.199349169241031632e-03 7.185637895266215255e-03
7.048150360787985846e-03 7.108465913931528990e-03
7.218329061288386583e-03 7.101569561163584635e-03
7.231737785332370549e-03 7.242516843477884818e-03
7.085046981956111267e-03 7.143093291918437004e-03
7.041150165605358779e-03 7.130963106950123816e-03
7.093405722116585821e-03 7.095392159620920493e-03
6.957244608202017844e-03 6.738533767064412532e-03
6.752538392902351916e-03 6.195892111460367564e-03
6.002390011417446658e-03 6.499896351496378677e-03
6.354478042339906096e-03 5.736811979611714310e-03
5.895885606150841340e-03 5.505055038134257055e-03
5.569658784224884585e-03 5.209190607070922872e-03
5.314213030942482874e-03 5.332506942749023690e-03
5.262454404146410525e-03 5.377558052539825086e-03
5.376416436774889007e-03 4.989659798145294235e-03
5.175333360966760665e-03 5.291209725538889228e-03
5.327718979970086366e-03 5.452402098973591765e-03
4.888791332632536069e-03 4.541693751017253020e-03
5.009425880416529253e-03 4.580345950524012354e-03
4.974496758222812787e-03 5.706624821821848839e-03
5.293611135130049661e-03 4.627468756834666151e-03
5.009916114431689493e-03 5.901348547140757017e-03
4.899844505416695029e-03 4.816344940662384104e-03
4.943141451803967357e-03 4.495294910669326779e-03
5.128846238221740350e-03 4.908055627346038542e-03
4.823842953555868007e-03 4.605718131860097458e-03
4.728365049231797457e-03 5.227685455481211052e-03
5.108543355163419619e-03 4.750442818800608598e-03
4.913026848953450099e-03 5.126927530765533828e-03
4.853043970797443762e-03 5.383003103733062858e-03
5.166304166777990758e-03 5.433644135793050042e-03
4.882649029241292737e-03 5.611845298608144142e-03
4.778022919708746485e-03 4.766131019592285099e-03
4.608019788065575995e-03 4.251341543594995900e-03
4.781297559020458721e-03 5.201759115854898835e-03
4.651899058444541879e-03 4.253378301858901957e-03
4.699021617852849886e-03 4.445020182927449277e-03
4.966830003468203358e-03 4.244389198223749368e-03
4.682302725996123627e-03 4.920465604464212793e-03
4.707540965682710521e-03 4.176840784152349197e-03
4.736724175018025562e-03 4.419286872943242565e-03
4.355725903224083595e-03 5.845331776142120676e-03
4.610097554177627899e-03 4.658760078748067600e-03
4.656032848288305104e-03 4.119419608513513915e-03
4.580994213029043749e-03 5.255946592489878395e-03
4.488355778448749334e-03 4.261698708931604788e-03
4.393675719256862067e-03 4.917233427365621211e-03
4.407233602250926197e-03 4.779003381729126157e-03
4.510351142016588710e-03 4.284143529335657577e-03
4.413361726619768888e-03 3.946363969643910778e-03
4.244584291882347316e-03 4.607820796966552966e-03
4.450768952665384859e-03 4.818640506267547752e-03
4.373411109554581344e-03 3.929812343915303763e-03
4.309977230150252581e-03 4.167224985361098893e-03
4.199040216917637736e-03 4.443291523059209047e-03
4.290915394449257292e-03 3.990284458796183528e-03
4.272667440091026947e-03 4.905221350987752291e-03
4.057342539454111829e-03 4.276851314306258887e-03
4.109288180188741535e-03 3.943542448679606023e-03
4.111620664843940176e-03 6.157431368033091518e-03
4.114509478313266300e-03 4.324378989140192746e-03
4.082841689523775131e-03 3.869901426633199065e-03
3.988782209489727393e-03 4.002659702301025052e-03
4.236414324623183347e-03 4.805951944986979439e-03
3.998210753707098775e-03 4.324362444877624320e-03
3.949147063394775614e-03 5.033169102668762045e-03
3.801581980951596051e-03 4.104420159260432216e-03
3.920436334738042206e-03 3.677278174956639424e-03
3.778062426135875285e-03 4.364167251189549589e-03
3.892219725457835011e-03 3.692293735345204570e-03
3.809210815234109759e-03 4.458620421091715261e-03
3.757968182981130667e-03 4.009681399663289625e-03
3.758909129828680307e-03 3.401119234164555992e-03
3.647298291980405338e-03 3.400581737359364715e-03
3.649882601166609675e-03 3.454862453540166311e-03
3.604081342928111553e-03 3.270389930407206422e-03
3.536009959134389646e-03 3.239647281169891202e-03
3.537317961672670208e-03 4.108775097131729150e-03
3.556212255716673099e-03 3.377594824632008767e-03
3.392752849322278053e-03 3.453585523366928256e-03
3.603715831559384242e-03 3.400965108474095742e-03
3.353591635459451936e-03 3.526791717608769756e-03
3.324258112115785480e-03 3.307691313823064080e-03
3.439889005676377565e-03 3.286864517132441054e-03
3.424621476369793527e-03 3.768740338087081792e-03
3.321963806229177862e-03 3.274899754921595241e-03
3.312626069600810297e-03 3.331508090098698853e-03
3.272784289947594516e-03 3.410909972588221060e-03
3.226857706977170892e-03 3.296809409062067577e-03
3.277353882367606275e-03 3.175074422359466363e-03
3.164013094647089019e-03 3.192581866184870248e-03
3.015088756001205184e-03 3.585973193248112936e-03
3.111515356067684479e-03 3.034532284736633084e-03
3.155240814521675929e-03 2.958883275588353613e-03
3.042713640752481297e-03 3.019777111212412508e-03
3.045445078896591440e-03 3.413205844163894487e-03
2.932342922576935962e-03 2.879154700040817069e-03
2.921438377597951330e-03 3.014768280585606967e-03
2.945102798548759893e-03 2.826944518089294627e-03
2.950998772575985640e-03 2.620598026116689131e-03
2.928294285084120929e-03 2.942174448569615571e-03
2.828527778547140770e-03 2.687170712153116869e-03
2.863194315068540163e-03 3.203371715545654409e-03
2.797051784000359476e-03 2.614080905914306641e-03
2.713437737838830799e-03 2.381325050195058288e-03
2.641483204570249654e-03 3.236902596553166509e-03
2.695276587473927066e-03 2.396782020727793259e-03
2.692207423024228774e-03 2.648103978236516273e-03
2.660899133843486197e-03 3.070246048768361311e-03
2.636123808770207688e-03 2.567654532194137661e-03
2.561140714533394203e-03 2.872060892979303847e-03
2.507237478312163148e-03 2.684337806701660081e-03
2.526637847040547058e-03 2.562708848714828364e-03
2.617823718537692912e-03 2.744443829854329407e-03
2.529909508666605689e-03 2.408280938863754158e-03
2.484960439687711187e-03 2.446744441986083846e-03
2.412001490483817179e-03 2.824324659506479828e-03
2.376007771999866236e-03 2.515540911753972372e-03
2.347011247366026510e-03 2.217325856288274253e-03
2.426036962788202800e-03 2.387285826603571456e-03
2.370761682868760545e-03 2.097623506188392700e-03
2.277368995237338822e-03 2.126713149746258923e-03
2.208064074693538714e-03 2.474882239103317304e-03
2.307140673110552598e-03 2.144295496741930630e-03
2.230603749012516346e-03 2.244576554497083095e-03
2.170960242438013665e-03 2.184006448586781925e-03
2.247214901217375882e-03 2.150490133961041606e-03
2.149043328245170414e-03 2.195499028762181500e-03
2.174702250158588868e-03 2.262455522020658059e-03
2.134002281309221871e-03 2.481982531150182195e-03
2.235465306512196548e-03 2.114617619911829827e-03
2.205591735219059046e-03 2.103470521171887844e-03
2.105432513417326845e-03 1.940813409288724223e-03
2.035787415479717311e-03 2.206189131736755512e-03
1.959466437256196514e-03 1.862178280949592507e-03
2.035030860497499816e-03 2.126233034332593134e-03
2.025734150265634526e-03 2.224595383803049890e-03
1.957475023118604440e-03 2.041619013746579555e-03
2.011222695728065446e-03 1.930014553666114770e-03
1.938126976710918825e-03 1.884116967519124412e-03
1.890152735541050788e-03 2.234245690703392205e-03
1.876209959846164566e-03 1.870166680216789291e-03
2.022800378654210363e-03 2.120557349920272790e-03
1.956607678948785178e-03 1.808076552549997985e-03
1.858284511399688199e-03 2.025641187032063781e-03
1.846411386395629961e-03 2.137425632278124477e-03
1.825563152124232147e-03 1.855342808365821822e-03
1.768902937328675762e-03 1.677135584751764975e-03
1.776334549504099414e-03 1.821854131420453434e-03
1.748134804074652493e-03 1.708061208327611323e-03
1.691258315986488014e-03 1.738724227746327742e-03
1.657004862863686867e-03 1.761862465739250224e-03
1.695767961791716516e-03 1.984629930059115133e-03
1.683485699686571024e-03 1.639045825600624106e-03
1.713197742901684251e-03 1.632597949107488086e-03
1.672727278673846740e-03 1.728686644633611142e-03
1.685355935478582978e-03 1.610452706615130188e-03
1.701605729977018200e-03 1.856450304388999840e-03
1.655846798712445889e-03 1.694067157308260657e-03
1.628411717319977470e-03 1.510262049237887051e-03
1.576254440806224011e-03 1.557942929863929656e-03
1.624036388420790900e-03 1.698649333914120955e-03
1.599256405825144611e-03 1.547946506738662664e-03
1.587180945534782950e-03 1.626828267176946017e-03
1.558036783535499126e-03 1.661965091029802893e-03
1.603917676220589783e-03 1.599459059039751727e-03
1.538892077405762393e-03 1.491116372744242385e-03
1.554876047521247528e-03 1.542062830924987747e-03
1.521597672763164155e-03 1.466493716835975698e-03
1.503841423982521519e-03 1.669448022047678596e-03
1.486886446400603745e-03 1.505055105686187817e-03
1.449809609766816720e-03 1.528625644246737157e-03
1.462150256884342525e-03 1.530124267935752905e-03
1.464640924496052321e-03 1.528887733817100442e-03
1.526130842648854014e-03 1.432740297913551305e-03
1.442495163246348966e-03 1.429482580224672927e-03
1.421753965587413404e-03 1.388551479578018161e-03
1.421148489498591516e-03 1.384450367093086141e-03
1.395714705722639337e-03 1.470077829559644040e-03
1.382518083119066432e-03 1.360056010882059688e-03
1.387115663419535849e-03 1.455387893319129867e-03
1.384544366374029778e-03 1.533299288650353739e-03
1.397997508320258930e-03 1.461644325653711904e-03
1.373170331135042943e-03 1.431213014324506181e-03
1.358560508379014209e-03 1.387923950950304720e-03
1.383425184030784294e-03 1.334756620724996019e-03
1.332205418293597177e-03 1.327695209781328857e-03
1.346046121398103423e-03 1.386707897981007956e-03
1.335739011665282305e-03 1.399040670196215414e-03
1.325710435594373848e-03 1.358563331762949709e-03
1.315381943641114049e-03 1.363146032889684008e-03
1.299645863582554739e-03 1.384041904409726497e-03
1.292862983973463997e-03 1.432513086994488928e-03
1.282806207200337667e-03 1.300846261779467277e-03
1.285615977394627407e-03 1.292739751935005144e-03
1.267567656213941518e-03 1.297688748439153068e-03
1.268680630346352700e-03 1.300861637790997911e-03
1.266011498955776915e-03 1.264041883746783038e-03
1.255558237517107045e-03 1.306176753838857044e-03
1.251468740520067513e-03 1.276038967569669089e-03
1.255782428415841423e-03 1.291116075714429223e-03
1.241353748810070101e-03 1.262282093365987238e-03
1.230060284797218628e-03 1.288189797600110438e-03
1.260076250218844507e-03 1.253825762371222220e-03
1.226748685439815745e-03 1.259396257996559096e-03
1.229056325428246055e-03 1.233955649534861348e-03
1.218067298395908438e-03 1.258039539059003240e-03
1.215823683196504135e-03 1.239667907357215907e-03
1.212029273574444233e-03 1.254990040262540145e-03
1.201391141876229085e-03 1.248057213425636221e-03
1.205753608701343182e-03 1.225907133022944044e-03
1.192281633393577067e-03 1.244977808992067973e-03
1.195447385725856293e-03 1.213473454117774920e-03
1.201572334139200393e-03 1.212125982840855888e-03
1.186991366921574809e-03 1.230553948879242005e-03
1.175189334844617406e-03 1.212976639966170059e-03
1.175427058115019463e-03 1.213338769475619076e-03
1.166526861652528169e-03 1.209265422821044836e-03
1.167910489130008500e-03 1.201245556275049768e-03
1.171708147467143135e-03 1.197839033106962939e-03
1.164271539892069995e-03 1.196768626570701537e-03
1.174594134681683499e-03 1.200743826230367102e-03
1.162022556854935829e-03 1.193777672449747827e-03
1.169551928796863649e-03 1.192081570128599713e-03
1.161090141067688819e-03 1.198644582430521575e-03
1.158595818651519949e-03 1.190429047743479319e-03
1.145416284998646006e-03 1.192823494474093155e-03
1.154751661488262471e-03 1.187781625986099278e-03
1.150112580489803804e-03 1.185649055242538399e-03
1.159213262781122467e-03 1.188532677292823778e-03
1.149532493855076609e-03 1.187535549203554792e-03
1.138742293278482975e-03 1.183919420838355991e-03
1.144142124758218415e-03 1.185463757316271424e-03
1.149071073996310588e-03 1.184116714199384126e-03
1.156171329967037309e-03 1.184353052576382886e-03
